1.095000025816261768e-02 0.000000000000000000e+00
2.190000051632523537e-02 0.000000000000000000e+00
3.650000039488077164e-02 0.000000000000000000e+00
5.110000073909759521e-02 0.000000000000000000e+00
6.570000015199184418e-02 0.000000000000000000e+00
8.029999956488609314e-02 0.000000000000000000e+00
9.490000084042549133e-02 0.000000000000000000e+00
1.095000021159648895e-01 5.533353296364252856e+02
1.241000033915042877e-01 1.671323421584067091e+03
1.387000009417533875e-01 1.814749240591312855e+03
1.533000022172927856e-01 2.145119337007931790e+03
1.679000034928321838e-01 3.085130572076523094e+03
1.824999973177909851e-01 5.309012618059344277e+03
1.970999985933303833e-01 9.254619527382879824e+03
2.116999998688697815e-01 1.423440484610207386e+04
2.263000011444091797e-01 1.942151080590501806e+04
2.409000024199485779e-01 2.452250336125353715e+04
2.555000036954879761e-01 2.704940301736697438e+04
2.700999975204467773e-01 2.522232773389966314e+04
2.846999913454055786e-01 1.924759837068379784e+04
2.993000000715255737e-01 1.174039014001359465e+04
3.139000087976455688e-01 5.477335427436877580e+03
3.285000026226043701e-01 2.170328524228584683e+03
3.430999964475631714e-01 1.095073747230085473e+03
3.577000051736831665e-01 8.510869845968423988e+02
3.722999989986419678e-01 8.501992007031788035e+02
3.868999928236007690e-01 9.147460429578178491e+02
4.015000015497207642e-01 1.017459094423164288e+03
4.161000102758407593e-01 1.145474494217932261e+03
4.307000041007995605e-01 1.308491483971112757e+03
4.452999979257583618e-01 1.496169374538622378e+03
4.599000066518783569e-01 1.693185673292211959e+03
4.745000004768371582e-01 1.879499061282474258e+03
4.890999943017959595e-01 2.040302673508247381e+03
5.036999881267547607e-01 2.146800502200970186e+03
5.182999968528747559e-01 2.197446115808843388e+03
5.329000055789947510e-01 2.192675307431140936e+03
5.474999845027923584e-01 2.194397090973297054e+03
5.620999932289123535e-01 2.274792196461883123e+03
5.767000019550323486e-01 2.477289898711267142e+03
5.912999808788299561e-01 2.824704972539175287e+03
6.058999896049499512e-01 3.259093557823881383e+03
6.204999983310699463e-01 3.767921156345296822e+03
6.351000070571899414e-01 4.331914123451108935e+03
6.497000157833099365e-01 4.920534110467043320e+03
6.642999947071075439e-01 5.501474201483715660e+03
6.789000034332275391e-01 6.074878785624393458e+03
6.935000121593475342e-01 6.672544838208625151e+03
7.080999910831451416e-01 7.322412781294266097e+03
7.226999998092651367e-01 8.105136498429824314e+03
7.373000085353851318e-01 9.074765934996741635e+03
7.518999874591827393e-01 1.022445356941150021e+04
7.664999961853027344e-01 1.144351441048762536e+04
7.811000049114227295e-01 1.271412408713547848e+04
7.956999838352203369e-01 1.405916277180485122e+04
8.102999925613403320e-01 1.545350108622033804e+04
8.249000012874603271e-01 1.680034366046079595e+04
8.395000100135803223e-01 1.809970746559718827e+04
8.541000187397003174e-01 1.938968526552500771e+04
8.686999976634979248e-01 2.058845353342339877e+04
8.833000063896179199e-01 2.170599173654039623e+04
8.979000151157379150e-01 2.276817346940255811e+04
9.124999940395355225e-01 2.376261801444431330e+04
9.271000027656555176e-01 2.464903878583066398e+04
9.417000114917755127e-01 2.547250123866300419e+04
9.562999904155731201e-01 2.626426498984425780e+04
9.708999991416931152e-01 2.699876913270579462e+04
9.855000078678131104e-01 2.763393636935682298e+04
1.000100016593933105e+00 2.814779331000773527e+04
1.014699995517730713e+00 2.854916738901024291e+04
1.029299974441528320e+00 2.885443228025886856e+04
1.043900012969970703e+00 2.911102083715467597e+04
1.058499991893768311e+00 2.933468955910443037e+04
1.073099970817565918e+00 2.952005006378702092e+04
1.087700009346008301e+00 2.963514511276088160e+04
1.102299988269805908e+00 2.967457477462002862e+04
1.116899967193603516e+00 2.965299810491956669e+04
1.131500005722045898e+00 2.957759722274891828e+04
1.146099984645843506e+00 2.944509120711278956e+04
1.160699963569641113e+00 2.924994285011037937e+04
1.175300002098083496e+00 2.898726133965122062e+04
1.189899981021881104e+00 2.867950434777912233e+04
1.204499959945678711e+00 2.833460619763308205e+04
1.219099998474121094e+00 2.796429987568424986e+04
1.233700037002563477e+00 2.758199315035793188e+04
1.248300015926361084e+00 2.720202330812348737e+04
1.262899994850158691e+00 2.682862456289364854e+04
1.277500033378601074e+00 2.645993741060771572e+04
1.292100012302398682e+00 2.610259860541982925e+04
1.306699991226196289e+00 2.573907172315261414e+04
1.321300029754638672e+00 2.536250199157779934e+04
1.335900008678436279e+00 2.498451288852280777e+04
1.350499987602233887e+00 2.463312688781255201e+04
1.365100026130676270e+00 2.431219519650537040e+04
1.379700005054473877e+00 2.403372982427788156e+04
1.394299983978271484e+00 2.379589873911357790e+04
1.408900022506713867e+00 2.357393870463554777e+04
1.423500001430511475e+00 2.335348862483282210e+04
1.438099980354309082e+00 2.313457598547105226e+04
1.452700018882751465e+00 2.293289310453630969e+04
1.467299997806549072e+00 2.274753901676450187e+04
1.481899976730346680e+00 2.257413172432935244e+04
1.496500015258789062e+00 2.240663603334738946e+04
1.511099994182586670e+00 2.224781581964914949e+04
1.525699973106384277e+00 2.208740605734907149e+04
1.540300011634826660e+00 2.191239753781674153e+04
1.554899990558624268e+00 2.173258855713011508e+04
1.569499969482421875e+00 2.157623365086261765e+04
1.584100008010864258e+00 2.148858437503080131e+04
1.598699986934661865e+00 2.151772919702859872e+04
1.613299965858459473e+00 2.168270747115508493e+04
1.627900004386901855e+00 2.196893058080470655e+04
1.642499983310699463e+00 2.235841694175302109e+04
1.657099962234497070e+00 2.283799017736387759e+04
1.671700000762939453e+00 2.339560378175848018e+04
1.686300039291381836e+00 2.403688020230214170e+04
1.700900018215179443e+00 2.477157362557441229e+04
1.715499997138977051e+00 2.556303543192466532e+04
1.730100035667419434e+00 2.641305203886609888e+04
1.744700014591217041e+00 2.733877987323837806e+04
1.759299993515014648e+00 2.836324965923394484e+04
1.773900032043457031e+00 2.942965861139659683e+04
1.788500010967254639e+00 3.049484375752561755e+04
1.803099989891052246e+00 3.146103973234556543e+04
1.817700028419494629e+00 3.217823242208335796e+04
1.832300007343292236e+00 3.255221168794377081e+04
1.846899986267089844e+00 3.258944220939427396e+04
1.861500024795532227e+00 3.238614140852833225e+04
1.876100003719329834e+00 3.213228745127361617e+04
1.890699982643127441e+00 3.199413269780884002e+04
1.905300021171569824e+00 3.205981489853872699e+04
1.919900000095367432e+00 3.233163100941364610e+04
1.934499979019165039e+00 3.273087973995253196e+04
1.949100017547607422e+00 3.315965496965395141e+04
1.963699996471405029e+00 3.350933337624987325e+04
1.978299975395202637e+00 3.367100415701015299e+04
1.992900013923645020e+00 3.359173540778745519e+04
2.007500052452087402e+00 3.324306502607258881e+04
2.022100090980529785e+00 3.258324449076468954e+04
2.036700010299682617e+00 3.165611634615237926e+04
2.051299929618835449e+00 3.052445946628574529e+04
2.065899968147277832e+00 2.929724425295514447e+04
2.080500006675720215e+00 2.813388163582930065e+04
2.095100045204162598e+00 2.719469444433655735e+04
2.109700083732604980e+00 2.655061035181047191e+04
2.124300003051757812e+00 2.622826158676182968e+04
2.138899922370910645e+00 2.622702897716475127e+04
2.153499960899353027e+00 2.649447646538626941e+04
2.168099999427795410e+00 2.695659926007019021e+04
2.182700037956237793e+00 2.750657117555415607e+04
2.197300076484680176e+00 2.798421021659248072e+04
2.211899995803833008e+00 2.826971575821538499e+04
2.226499915122985840e+00 2.826303043521572909e+04
2.241099953651428223e+00 2.792824829121047514e+04
2.255699992179870605e+00 2.732582792670446361e+04
2.270300030708312988e+00 2.655010190753688948e+04
2.284900069236755371e+00 2.567080634927279607e+04
2.299499988555908203e+00 2.478294368334421597e+04
2.314099907875061035e+00 2.389449695251664889e+04
2.328699946403503418e+00 2.301457458281724394e+04
2.343299984931945801e+00 2.216081930190837011e+04
2.357900023460388184e+00 2.137062682201480857e+04
2.372500061988830566e+00 2.063968705962231979e+04
2.387099981307983398e+00 1.997431302799282639e+04
2.401699900627136230e+00 1.940715514899363188e+04
2.416299939155578613e+00 1.893174145795556979e+04
2.430899977684020996e+00 1.852052359337701273e+04
2.445500016212463379e+00 1.813685526752022997e+04
2.460100054740905762e+00 1.777937994446222729e+04
2.474700093269348145e+00 1.743827821459593542e+04
2.489300012588500977e+00 1.711329111746651688e+04
2.503899931907653809e+00 1.680406196018668561e+04
2.518499970436096191e+00 1.651618949051067466e+04
2.533100008964538574e+00 1.625706318654844290e+04
2.547700047492980957e+00 1.603763213182986510e+04
2.562300086021423340e+00 1.587391386044793580e+04
2.576900005340576172e+00 1.576785446232010145e+04
2.591499924659729004e+00 1.571958735989144407e+04
2.606099963188171387e+00 1.571477955285895041e+04
2.620700001716613770e+00 1.572926097194074464e+04
2.635300040245056152e+00 1.575287607829956323e+04
2.649900078773498535e+00 1.578348039064304794e+04
2.664499998092651367e+00 1.580564441759821239e+04
2.679099917411804199e+00 1.580569385626627627e+04
2.693699955940246138e+00 1.578283868055925268e+04
2.708299994468688965e+00 1.573542230336904322e+04
2.722900032997131348e+00 1.565963722718490499e+04
2.737500071525573730e+00 1.555068912453328630e+04
2.752099990844726562e+00 1.540533785359826470e+04
2.766699910163879395e+00 1.522489925085502909e+04
2.781299948692321777e+00 1.502449796671367585e+04
2.795899987220764160e+00 1.481774163264594245e+04
2.810500025749206543e+00 1.462057916223219399e+04
2.825100064277648926e+00 1.445055058804481268e+04
2.839699983596801758e+00 1.430559343700389581e+04
2.854299902915954590e+00 1.417576623822592410e+04
2.868899941444396973e+00 1.405203279509038111e+04
2.883499979972839355e+00 1.394023723946870268e+04
2.898100018501281738e+00 1.384343291812008647e+04
2.912700057029724121e+00 1.376463790812680236e+04
2.927300095558166504e+00 1.370361909714930152e+04
2.941900014877319336e+00 1.365871915750132212e+04
2.956499934196472168e+00 1.362641602186498494e+04
2.971099972724914551e+00 1.360078316337345859e+04
2.985700011253356934e+00 1.357963519044214809e+04
3.000300049781799316e+00 1.356426268718721622e+04
3.014900088310241699e+00 1.355679432807390549e+04
3.029500007629394531e+00 1.355568195051180192e+04
3.044099926948547363e+00 1.355440760006004166e+04
3.058699965476989746e+00 1.354716719209830808e+04
3.073300004005432129e+00 1.353132978807859399e+04
3.087900042533874956e+00 1.350821208954028043e+04
3.102500081062316895e+00 1.347822903180593130e+04
3.117100000381469727e+00 1.343899265133581139e+04
3.131699919700622559e+00 1.338483879075017649e+04
3.146299958229064941e+00 1.331594331073795911e+04
3.160899996757507324e+00 1.323412883238222821e+04
3.175500035285949707e+00 1.314821539064922581e+04
3.190100073814392090e+00 1.306740587038506965e+04
3.204699993133544922e+00 1.300075252351372183e+04
3.219299912452697754e+00 1.295012392200983777e+04
3.233899950981140137e+00 1.291491246242400121e+04
3.248499989509582520e+00 1.289213992359396434e+04
3.263100028038024902e+00 1.287699667184318241e+04
3.277700066566467285e+00 1.286726705464274164e+04
3.292299985885620117e+00 1.286142889623924566e+04
3.306899905204772949e+00 1.285833738128522600e+04
3.321499943733215332e+00 1.285450289713548227e+04
3.336099982261657715e+00 1.284780857467460919e+04
3.350700020790100098e+00 1.283884912140957749e+04
3.365300059318542480e+00 1.282996023527132456e+04
3.379900097846984863e+00 1.281997994081151955e+04
3.394500017166137695e+00 1.280586370170744340e+04
3.409099936485290527e+00 1.278415105691225654e+04
3.423699975013732910e+00 1.275401888845935173e+04
3.438300013542175293e+00 1.271675003190280768e+04
3.452900052070617676e+00 1.267604881700519400e+04
3.467500090599060059e+00 1.263777181101171482e+04
3.482100009918212891e+00 1.260365828822461845e+04
3.496699929237365723e+00 1.257445321244677325e+04
3.511299967765808105e+00 1.254841926421109019e+04
3.525900006294250488e+00 1.251996817862148418e+04
3.540500044822692871e+00 1.248778645398608751e+04
3.555100083351135254e+00 1.245758783913098705e+04
3.569700002670288086e+00 1.243550698083331372e+04
3.584299921989440918e+00 1.242198146518128306e+04
3.598899960517883301e+00 1.241738329621308731e+04
3.613499999046325684e+00 1.241619414969879290e+04
3.628100037574768066e+00 1.240978491106464207e+04
3.642700076103210449e+00 1.239548346811538613e+04
3.657299995422363281e+00 1.237605398538780355e+04
3.671899914741516113e+00 1.235475925871897925e+04
3.686499953269958496e+00 1.233305256936778278e+04
3.701099991798400879e+00 1.231130214708388121e+04
3.715700030326843262e+00 1.229049328065610280e+04
3.730300068855285645e+00 1.227356800444600594e+04
3.744899988174438477e+00 1.225867967287339889e+04
3.759499907493591309e+00 1.224155696025958969e+04
3.774099946022033691e+00 1.222306133588444573e+04
3.788699984550476074e+00 1.220767519690183144e+04
3.803300023078918457e+00 1.219492614466232408e+04
3.817900061607360840e+00 1.218125379643743872e+04
3.832499980926513672e+00 1.216788227430976076e+04
3.847099900245666504e+00 1.215631598931186272e+04
3.861699938774108887e+00 1.214587962896701356e+04
3.876299977302551270e+00 1.213345395671611186e+04
3.890900015830993652e+00 1.212156641723402026e+04
3.905500054359436035e+00 1.211245139485918844e+04
3.920100092887878418e+00 1.210104334333407678e+04
3.934700012207031250e+00 1.208066400185543171e+04
3.949299931526184082e+00 1.205684201995624244e+04
3.963899970054626465e+00 1.203788031459166268e+04
3.978500008583068848e+00 1.202262623090556917e+04
3.993100047111511230e+00 1.200478852952440866e+04
4.007699966430664062e+00 1.198395988905018385e+04
4.022300004959106445e+00 1.196275452102926283e+04
4.036900043487548828e+00 1.194415416551435737e+04
4.051500082015991211e+00 1.192789394099504898e+04
4.066100120544433594e+00 1.191108060844285865e+04
4.080699920654296875e+00 1.189063089909572045e+04
4.095299959182739258e+00 1.186883028520166044e+04
4.109899997711181641e+00 1.184790420245533096e+04
4.124500036239624023e+00 1.182730130468473908e+04
4.139100074768066406e+00 1.180431011993392167e+04
4.153699874877929688e+00 1.177941919118127771e+04
4.168299913406372070e+00 1.175029154691255462e+04
4.182899951934814453e+00 1.171455326275705920e+04
4.197499990463256836e+00 1.167124045792832840e+04
4.212100028991699219e+00 1.162864089211013197e+04
4.226700067520141602e+00 1.159228020467639180e+04
4.241300106048583984e+00 1.156111360472251363e+04
4.255899906158447266e+00 1.153064318508906581e+04
4.270499944686889648e+00 1.149761977584423948e+04
4.285099983215332031e+00 1.146220695259870445e+04
4.299700021743774414e+00 1.142664353863392898e+04
4.314300060272216797e+00 1.139041605029434504e+04
4.328900098800659180e+00 1.134884158937471693e+04
4.343500137329101562e+00 1.130086941935588766e+04
4.358099937438964844e+00 1.125092824253652361e+04
4.372699975967407227e+00 1.120726144251631922e+04
4.387300014495849609e+00 1.117386318731930442e+04
4.401900053024291992e+00 1.114563464369149733e+04
4.416500091552734375e+00 1.111473447671384565e+04
4.431099891662597656e+00 1.107892382925900893e+04
4.445699930191040039e+00 1.103981798139519196e+04
4.460299968719482422e+00 1.099589962571068099e+04
4.474900007247924805e+00 1.094816149859105826e+04
4.489500045776367188e+00 1.089823146693549279e+04
4.504100084304809570e+00 1.084766774479227388e+04
4.518700122833251953e+00 1.079870685707085431e+04
4.533299922943115234e+00 1.075207303392498216e+04
4.547899961471557617e+00 1.070692277862735682e+04
4.562500000000000000e+00 1.066054300771058661e+04
4.577100038528442383e+00 1.061238548067958072e+04
4.591700077056884766e+00 1.056037897671247811e+04
4.606299877166748047e+00 1.050439985083241845e+04
4.620899915695190430e+00 1.044655581468288801e+04
4.635499954223632812e+00 1.038958366417037541e+04
4.650099992752075195e+00 1.033314716672981194e+04
4.664700031280517578e+00 1.027790605070085621e+04
4.679300069808959961e+00 1.022723008876796484e+04
4.693900108337402344e+00 1.017883617492690610e+04
4.708499908447265625e+00 1.012841226966954491e+04
4.723099946975708008e+00 1.007195512303754913e+04
4.737699985504150391e+00 1.001249321449959643e+04
4.752300024032592773e+00 9.955546531591653547e+03
4.766900062561035156e+00 9.903252728277426286e+03
4.781499862670898438e+00 9.851161852058923614e+03
4.796099901199340820e+00 9.794839393908143393e+03
4.810699939727783203e+00 9.733017387060570400e+03
4.825299978256225586e+00 9.664383437620879704e+03
4.839900016784667969e+00 9.595163636722147203e+03
4.854500055313110352e+00 9.528621389404528600e+03
4.869100093841552734e+00 9.464520901720323309e+03
4.883699893951416016e+00 9.401086026929913714e+03
4.898299932479858398e+00 9.340092606688916931e+03
4.912899971008300781e+00 9.279737749012037966e+03
4.927500009536743164e+00 9.217141867580832695e+03
4.942100048065185547e+00 9.151542471512717384e+03
4.956700086593627930e+00 9.082169806275409428e+03
4.971300125122070312e+00 9.011868318342465500e+03
4.985899925231933594e+00 8.945330285329695471e+03
5.000499963760375977e+00 8.885583604483927047e+03
5.015100002288818359e+00 8.825238019912118034e+03
5.029700040817260742e+00 8.761335403241035237e+03
5.044300079345703125e+00 8.694954684467880725e+03
5.058899879455566406e+00 8.626572752125639454e+03
5.073499917984008789e+00 8.555566511483297290e+03
5.088099956512451172e+00 8.484277834312289997e+03
5.102699995040893555e+00 8.417810175789896675e+03
5.117300033569335938e+00 8.353634643920098824e+03
5.131900072097778320e+00 8.286415945437078335e+03
5.146500110626220703e+00 8.212090261708439357e+03
5.161099910736083984e+00 8.136764761916937459e+03
5.175699949264526367e+00 8.062965062475551349e+03
5.190299987792968750e+00 7.988574001233375384e+03
5.204900026321411133e+00 7.912849685847779256e+03
5.219500064849853516e+00 7.838211219788857306e+03
5.234099864959716797e+00 7.766267013643314385e+03
5.248699903488159180e+00 7.694906839167071666e+03
5.263299942016601562e+00 7.624262064470673067e+03
5.277899980545043945e+00 7.550407419837400084e+03
5.292500019073486328e+00 7.473206530865947570e+03
5.307100057601928711e+00 7.394556004634846431e+03
5.321700096130371094e+00 7.317367739991107555e+03
5.336299896240234375e+00 7.239527468903785120e+03
5.350899934768676758e+00 7.160967044989452916e+03
5.365499973297119141e+00 7.086226965497043238e+03
5.380100011825561523e+00 7.016527924836339480e+03
5.394700050354003906e+00 6.948735836291562919e+03
5.409300088882446289e+00 6.877099182625880530e+03
5.423900127410888672e+00 6.804460274778741223e+03
5.438499927520751953e+00 6.732700554134339654e+03
5.453099966049194336e+00 6.662647401292533687e+03
5.467700004577636719e+00 6.593098773457778407e+03
5.482300043106079102e+00 6.525130498643575265e+03
5.496900081634521484e+00 6.458038421990117058e+03
5.511499881744384766e+00 6.388589491942140739e+03
5.526099920272827148e+00 6.319713191558565995e+03
5.540699958801269531e+00 6.253178633137817087e+03
5.555299997329711914e+00 6.187225318102087840e+03
5.569900035858154297e+00 6.118228766087658187e+03
5.584500074386596680e+00 6.049573419203166850e+03
5.599100112915039062e+00 5.981653117272286181e+03
5.613699913024902344e+00 5.914731164492516655e+03
5.628299951553344727e+00 5.852186969033557034e+03
5.642899990081787109e+00 5.795621099563937605e+03
5.657500028610229492e+00 5.741567363469442171e+03
5.672100067138671875e+00 5.684615044205316735e+03
5.686699867248535156e+00 5.626124865576550292e+03
5.701299905776977539e+00 5.567485191137888251e+03
5.715899944305419922e+00 5.510114173673735422e+03
5.730499982833862305e+00 5.452860060669207087e+03
5.745100021362304688e+00 5.396084860458437106e+03
5.759700059890747070e+00 5.339446741360363376e+03
5.774300098419189453e+00 5.283406389563074299e+03
5.788899898529052734e+00 5.230479741766784173e+03
5.803499937057495117e+00 5.179879536749447652e+03
5.818099975585937500e+00 5.128275419218219213e+03
5.832700014114379883e+00 5.072600852311695235e+03
5.847300052642822266e+00 5.016988340870952015e+03
5.861900091171264648e+00 4.963430197575093189e+03
5.876500129699707031e+00 4.913227515951462919e+03
5.891099929809570312e+00 4.865537865387626880e+03
5.905699968338012695e+00 4.818267369481065543e+03
5.920300006866455078e+00 4.770084253819192782e+03
5.934900045394897461e+00 4.721257995188369023e+03
5.949500083923339844e+00 4.674532074882207780e+03
5.964099884033203125e+00 4.628733140326881767e+03
5.978699922561644620e+00 4.581887399572540744e+03
5.993299961090087891e+00 4.532594392963716018e+03
6.007899999618530273e+00 4.484315702077292372e+03
6.022500038146972656e+00 4.437524767481073468e+03
6.037100076675415039e+00 4.391649262599213216e+03
6.051700115203857422e+00 4.346482426719185241e+03
6.066299915313720703e+00 4.301849359156594801e+03
6.080899953842163086e+00 4.256840862263724375e+03
6.095499992370605469e+00 4.211134403703811586e+03
6.110100030899047852e+00 4.168142473237392551e+03
6.124700069427490234e+00 4.127337109975317617e+03
6.139299869537353516e+00 4.086766793963143300e+03
6.153899908065795898e+00 4.044022839129098429e+03
6.168499946594238281e+00 3.999624156860908442e+03
6.183099985122680664e+00 3.954981154039560806e+03
6.197700023651123047e+00 3.912380788417786789e+03
6.212300062179565430e+00 3.872784213922946037e+03
6.226900100708007812e+00 3.833756485958429494e+03
6.241499900817871094e+00 3.793396304529992904e+03
6.256099939346313477e+00 3.750245252601515404e+03
6.270699977874755859e+00 3.706627739594247487e+03
6.285300016403198242e+00 3.662727104964554201e+03
6.299900054931640625e+00 3.619107522327119568e+03
6.314500093460083008e+00 3.576353963098726126e+03
6.329100131988525391e+00 3.536307087130729087e+03
6.343699932098388672e+00 3.498553375243757273e+03
6.358299970626831055e+00 3.461174808769896572e+03
6.372900009155273438e+00 3.424051739405669650e+03
6.387500047683715820e+00 3.386338705306046904e+03
6.402100086212158203e+00 3.347288174248076302e+03
6.416699886322021484e+00 3.306534954962614847e+03
6.431299924850463867e+00 3.265956566130843839e+03
6.445899963378906250e+00 3.224250402433956424e+03
6.460500001907348633e+00 3.181095658452218686e+03
6.475100040435791016e+00 3.138831909156840084e+03
6.489700078964233398e+00 3.098683706591446935e+03
6.504300117492675781e+00 3.059483115187098520e+03
6.518899917602539062e+00 3.019693533255233433e+03
6.533499956130981445e+00 2.981217563839490595e+03
6.548099994659423828e+00 2.942937496447290414e+03
6.562700033187866211e+00 2.904335595595292034e+03
6.577300071716308594e+00 2.865577023014850056e+03
6.591899871826171875e+00 2.827866395850705885e+03
6.606499910354614258e+00 2.789797094682313400e+03
6.621099948883056641e+00 2.750288826143183542e+03
6.635699987411499023e+00 2.710995082412631746e+03
6.650300025939941406e+00 2.672079777576103425e+03
6.664900064468383789e+00 2.632327516185680452e+03
6.679500102996826172e+00 2.591884118976488935e+03
6.694099903106689453e+00 2.555002694367162803e+03
6.708699941635131836e+00 2.520078988606519488e+03
6.723299980163574219e+00 2.484359442329644935e+03
6.737900018692016602e+00 2.447640692670220233e+03
6.752500057220458984e+00 2.412046076289025223e+03
6.767100095748901367e+00 2.377429379592731038e+03
6.781700134277343750e+00 2.341759096628369207e+03
6.796299934387207031e+00 2.305000577166974836e+03
6.810899972915649414e+00 2.267783167636700909e+03
6.825500011444091797e+00 2.231349094749193682e+03
6.840100049972534180e+00 2.195946640024163116e+03
6.854700088500976562e+00 2.162295539010362518e+03
6.869299888610839844e+00 2.129041754795092857e+03
6.883899927139282227e+00 2.095694026443931307e+03
6.898499965667724609e+00 2.062904263313278079e+03
6.913100004196166992e+00 2.030913293430284057e+03
6.927700042724609375e+00 1.998981460131848962e+03
6.942300081253051758e+00 1.966489393802515224e+03
6.956900119781494141e+00 1.935163250170817491e+03
6.971499919891357422e+00 1.903982911014405772e+03
6.986099958419799805e+00 1.872692381706811375e+03
7.000699996948242188e+00 1.842034539451730552e+03
7.015300035476684570e+00 1.813350243290617982e+03
7.029900074005126953e+00 1.785071689511456498e+03
7.044499874114990234e+00 1.756088428335563322e+03
7.059099912643432617e+00 1.727399274504482037e+03
7.073699951171875000e+00 1.699531250017585535e+03
7.088299989700317383e+00 1.672734305659338361e+03
7.102900028228759766e+00 1.646537669062546229e+03
7.117500066757202148e+00 1.621476895863873779e+03
7.132100105285644531e+00 1.595786918828728403e+03
7.146699905395507812e+00 1.569109091152519568e+03
7.161299943923950195e+00 1.542687658641816824e+03
7.175899982452392578e+00 1.518193630208837931e+03
7.190500020980834961e+00 1.494807671415244158e+03
7.205100059509277344e+00 1.471012370180250400e+03
7.219700098037719727e+00 1.447302798455302764e+03
7.234300136566162109e+00 1.424112877267677504e+03
7.248899936676025391e+00 1.401302639886185943e+03
7.263499975204467773e+00 1.378496788190622965e+03
7.278100013732910156e+00 1.356467410417528299e+03
7.292700052261352539e+00 1.334860045205878578e+03
7.307300090789794922e+00 1.313321152468888386e+03
7.321899890899658203e+00 1.292094785408612097e+03
7.336499929428100586e+00 1.271189429472771963e+03
7.351099967956542969e+00 1.250273809846157519e+03
7.365700006484985352e+00 1.228961799399606889e+03
7.380300045013427734e+00 1.208785225877956691e+03
7.394900083541870117e+00 1.189660866950258878e+03
7.409500122070312500e+00 1.170757607411498157e+03
7.424099922180175781e+00 1.151370748037169506e+03
7.438699960708618164e+00 1.132395684432109420e+03
7.453299999237060547e+00 1.113980527070857079e+03
7.467900037765502930e+00 1.095591663224770173e+03
7.482500076293945312e+00 1.077276820176731462e+03
7.497099876403808594e+00 1.059056199402390121e+03
7.511699914932251865e+00 1.041123705012965729e+03
7.526299953460693359e+00 1.023175189529789577e+03
7.540899991989135742e+00 1.005801325823671846e+03
7.555500030517578125e+00 9.886593963751520278e+02
7.570100069046020508e+00 9.719467360938361935e+02
7.584700107574462891e+00 9.557042243234823218e+02
7.599299907684326172e+00 9.397418156606460116e+02
7.613899946212768555e+00 9.236305517888901022e+02
7.628499984741210938e+00 9.072695970535312426e+02
7.643100023269653320e+00 8.916260832255770765e+02
7.657700061798095703e+00 8.766981905821519376e+02
7.672299861907958984e+00 8.622173278156493552e+02
7.686899900436401367e+00 8.476203056674402205e+02
7.701499938964843750e+00 8.332918109444218544e+02
7.716099977493286133e+00 8.188597850343344362e+02
7.730700016021728516e+00 8.043586819851898326e+02
7.745300054550170898e+00 7.902835493971267624e+02
7.759900093078613281e+00 7.768386057156269544e+02
7.774499893188476562e+00 7.636092215036877633e+02
7.789099931716918945e+00 7.502826134186783520e+02
7.803699970245361328e+00 7.375499555805796490e+02
7.818300008773803711e+00 7.251325578991283010e+02
7.832900047302246094e+00 7.128465712856383334e+02
7.847500085830688477e+00 7.006325707557087981e+02
7.862100124359130859e+00 6.888093915215725929e+02
7.876699924468994141e+00 6.771314318607985570e+02
7.891299962997436523e+00 6.655078655879714233e+02
7.905900001525878906e+00 6.544792421954012980e+02
7.920500040054321289e+00 6.440772434998983726e+02
7.935100078582763672e+00 6.338602109461832015e+02
7.949699878692626953e+00 6.232102044279193933e+02
7.964299917221069336e+00 6.128062343431114414e+02
7.978899955749511719e+00 6.027748098102017593e+02
7.993499994277954102e+00 5.931807697367482888e+02
8.008100032806396484e+00 5.839751356445048032e+02
8.022699832916259766e+00 5.750958304174228033e+02
8.037299633026123047e+00 5.663655739918963263e+02
8.051899909973144531e+00 5.577108249467581800e+02
8.066500186920166016e+00 5.493114733211231169e+02
8.081099987030029297e+00 5.410497609111407655e+02
8.095699787139892578e+00 5.331276869533118088e+02
8.110300064086914062e+00 5.255979008508281822e+02
8.124900341033935547e+00 5.185524345151047783e+02
8.139500141143798828e+00 5.116727062908809103e+02
8.154099941253662109e+00 5.048184457708122750e+02
8.168699741363525391e+00 4.980752479360996290e+02
8.183300018310546875e+00 4.915116315741884137e+02
8.197900295257568359e+00 4.850511119190155114e+02
8.212500095367431641e+00 4.785634642077217222e+02
8.227099895477294922e+00 4.724287791489214214e+02
8.241699695587158203e+00 4.665730509523567093e+02
8.256299972534179688e+00 4.608991891785295252e+02
8.270900249481201172e+00 4.553390483950958583e+02
8.285500049591064453e+00 4.500249003771638741e+02
8.300099849700927734e+00 4.447690920832181405e+02
8.314699649810791016e+00 4.393898283811072929e+02
8.329299926757812500e+00 4.340561509321929066e+02
8.343900203704833984e+00 4.289566508551832840e+02
8.358500003814697266e+00 4.241689206629818045e+02
8.373099803924560547e+00 4.195343192147386731e+02
8.387700080871582031e+00 4.151205874493564920e+02
8.402300357818603516e+00 4.106917286372982403e+02
8.416900157928466797e+00 4.061106467165370759e+02
8.431499958038330078e+00 4.013294782605073010e+02
8.446099758148193359e+00 3.966526873709689767e+02
8.460700035095214844e+00 3.922731395944487645e+02
8.475300312042236328e+00 3.881383651458421014e+02
8.489900112152099609e+00 3.841252847520918294e+02
8.504499912261962891e+00 3.799900194899855137e+02
8.519099712371826172e+00 3.757898708452439109e+02
8.533699989318847656e+00 3.717592655790585354e+02
8.548300266265869141e+00 3.680951973232758405e+02
8.562900066375732422e+00 3.644807403087000353e+02
8.577499866485595703e+00 3.607227734219836179e+02
8.592099666595458984e+00 3.569683480165890614e+02
8.606699943542480469e+00 3.534003248606302918e+02
8.621300220489501953e+00 3.500129752594348815e+02
8.635900020599365234e+00 3.465936890010971183e+02
8.650499820709228516e+00 3.431296633831037752e+02
8.665100097656250000e+00 3.396336973686676401e+02
8.679700374603271484e+00 3.362858113719431117e+02
8.694300174713134766e+00 3.331480944884640962e+02
8.708899974822998047e+00 3.301481353243493118e+02
8.723499774932861328e+00 3.270691321321676241e+02
8.738100051879882812e+00 3.238421077045856578e+02
8.752700328826904297e+00 3.206230007436503797e+02
8.767300128936767578e+00 3.174839466698174419e+02
8.781899929046630859e+00 3.144382025348165257e+02
8.796499729156494141e+00 3.113510791543712344e+02
8.811100006103515625e+00 3.082450643059165714e+02
8.825700283050537109e+00 3.050788122093716765e+02
8.840300083160400391e+00 3.019464927042226918e+02
8.854899883270263672e+00 2.988456658096641263e+02
8.869499683380126953e+00 2.957833686936374988e+02
8.884099960327148438e+00 2.928440536710727997e+02
8.898700237274169922e+00 2.900520000007343242e+02
8.913300037384033203e+00 2.872876342975268926e+02
8.927899837493896484e+00 2.843351189899915994e+02
8.942499637603759766e+00 2.812668842416788380e+02
8.957099914550781250e+00 2.783044682438198834e+02
8.971700191497802734e+00 2.756697320676156551e+02
8.986299991607666016e+00 2.731048918483256216e+02
9.000899791717529297e+00 2.703229822611844497e+02
9.015500068664550781e+00 2.673100968431677984e+02
9.030100345611572266e+00 2.642752428289591649e+02
9.044700145721435547e+00 2.613361136006095080e+02
9.059299945831298828e+00 2.585262829522016546e+02
9.073899745941162109e+00 2.559480584341000906e+02
9.088500022888183594e+00 2.534280162000805490e+02
9.103100299835205078e+00 2.508239806315002909e+02
9.117700099945068359e+00 2.481342385150104519e+02
9.132299900054931641e+00 2.455025105380077832e+02
9.146899700164794922e+00 2.429144959808110968e+02
9.161499977111816406e+00 2.403435042948076727e+02
9.176100254058837891e+00 2.378331083144159948e+02
9.190700054168701172e+00 2.353519202471819654e+02
9.205299854278564453e+00 2.328402409097567443e+02
9.219899654388427734e+00 2.302878602911635824e+02
9.234499931335449219e+00 2.278789133866408747e+02
9.249100208282470703e+00 2.255424823241376373e+02
9.263700008392333984e+00 2.231920066248182764e+02
9.278299808502197266e+00 2.207640192847192964e+02
9.292900085449218750e+00 2.182686896913987198e+02
9.307500362396240234e+00 2.156970527094193244e+02
9.322100162506103516e+00 2.131143749429052434e+02
9.336699962615966797e+00 2.106977747518265005e+02
9.351299762725830078e+00 2.083936296001445498e+02
9.365900039672851562e+00 2.060884271383079636e+02
9.380500316619873047e+00 2.037116915615177959e+02
9.395100116729736328e+00 2.013511592303305520e+02
9.409699916839599609e+00 1.989291145642920924e+02
9.424299716949462891e+00 1.963922080448767247e+02
9.438899993896484375e+00 1.938652602338052020e+02
9.453500270843505859e+00 1.914488636500894927e+02
9.468100070953369141e+00 1.890806240921954213e+02
9.482699871063232422e+00 1.866455549040807398e+02
9.497299671173095703e+00 1.842492696131433547e+02
9.511899948120117188e+00 1.818806164045214189e+02
9.526500225067138672e+00 1.795275157863928541e+02
9.541100025177001953e+00 1.771573130286255946e+02
9.555699825286865234e+00 1.748126822937143459e+02
9.570299625396728516e+00 1.724589699160030136e+02
9.584899902343750000e+00 1.700634283625312264e+02
9.599500179290771484e+00 1.676426545751783408e+02
9.614099979400634766e+00 1.651375767303922828e+02
9.628699779510498047e+00 1.625138508104811876e+02
9.643300056457519531e+00 1.597519450044449627e+02
9.657900333404541016e+00 1.570741368019247659e+02
9.672500133514404297e+00 1.544933437971544947e+02
9.687099933624267578e+00 1.520022930238622791e+02
9.701699733734130859e+00 1.495305396902261634e+02
9.716300010681152344e+00 1.469876626025238693e+02
9.730900287628173828e+00 1.442991797339119842e+02
9.745500087738037109e+00 1.415134427116489917e+02
9.760099887847900391e+00 1.388233244296783653e+02
9.774699687957763672e+00 1.361784164682459277e+02
9.789299964904785156e+00 1.334982260693466856e+02
9.803900241851806641e+00 1.307467225116754435e+02
9.818500041961669922e+00 1.280465591973263031e+02
9.833099842071533203e+00 1.253206981082139180e+02
9.847699642181396484e+00 1.225534123962823259e+02
9.862299919128417969e+00 1.198073389896633500e+02
9.876900196075439453e+00 1.171354381582948037e+02
9.891499996185302734e+00 1.145373081051807276e+02
9.906099796295166016e+00 1.119584399587947132e+02
9.920700073242187500e+00 1.094328354158939050e+02
9.935300350189208984e+00 1.068564911375110853e+02
9.949900150299072266e+00 1.042290271038031335e+02
9.964499950408935547e+00 1.015707567839132537e+02
9.979099750518798828e+00 9.898993341975275939e+01
9.993700027465820312e+00 9.644746498527842959e+01
1.000830030441284180e+01 9.388805543862653735e+01
1.002290010452270508e+01 9.136802590176024808e+01
1.003749990463256836e+01 8.888927432727757605e+01
1.005209970474243164e+01 8.641157405830220739e+01
1.006669998168945312e+01 8.387416997134104690e+01
1.008130025863647461e+01 8.144290117713094901e+01
1.009590005874633789e+01 7.906870843300684726e+01
1.011049985885620117e+01 7.669906953876137834e+01
1.012509965896606445e+01 7.432240165339779026e+01
1.013969993591308594e+01 7.200275611997658132e+01
1.015430021286010742e+01 6.970726774826998451e+01
1.016890001296997070e+01 6.739672385783784136e+01
1.018349981307983398e+01 6.515807071619643409e+01
1.019810009002685547e+01 6.298137668907254039e+01
1.021270036697387695e+01 6.084711199569493800e+01
1.022730016708374023e+01 5.873161924576552906e+01
1.024189996719360352e+01 5.670735558544907207e+01
1.025649976730346680e+01 5.470813144811570083e+01
1.027110004425048828e+01 5.271295542647497001e+01
1.028570032119750977e+01 5.077014988299411158e+01
1.030030012130737305e+01 4.890566627470843031e+01
1.031489992141723633e+01 4.707717591699187665e+01
1.032949972152709961e+01 4.523502251644603689e+01
1.034409999847412109e+01 4.346738494099573558e+01
1.035870027542114258e+01 4.175664403621562570e+01
1.037330007553100586e+01 4.009304884969083815e+01
1.038789987564086914e+01 3.846442005004121967e+01
1.040249967575073242e+01 3.689506131691295110e+01
1.041709995269775391e+01 3.533819458939053959e+01
1.043170022964477539e+01 3.377323052503042788e+01
1.044630002975463867e+01 3.225169929089047116e+01
1.046089982986450195e+01 3.079314322354160538e+01
1.047549962997436523e+01 2.939497033682690130e+01
1.049009990692138672e+01 2.801562753330097166e+01
1.050470018386840820e+01 2.670080939386692620e+01
1.051929998397827148e+01 2.541424283233328651e+01
1.053389978408813477e+01 2.415725660661399488e+01
1.054850006103515625e+01 2.294661044790154492e+01
1.056310033798217773e+01 2.180401209370283055e+01
1.057770013809204102e+01 2.070568162956439195e+01
1.059229993820190430e+01 1.963482760235377000e+01
1.060689973831176758e+01 1.863275354764847336e+01
1.062150001525878906e+01 1.768525660423097179e+01
1.063610029220581055e+01 1.678135015878033798e+01
1.065070009231567383e+01 1.592154244401302243e+01
1.066529989242553711e+01 1.514156923937533605e+01
1.067989969253540039e+01 1.440325605413940657e+01
1.069449996948242188e+01 1.368874444450004191e+01
1.070910024642944336e+01 1.301664692797166722e+01
1.072370004653930664e+01 1.239887323504342653e+01
1.073829984664916992e+01 1.182380294619432703e+01
1.075289964675903320e+01 1.127275324518598332e+01
1.076749992370605469e+01 1.076218887650062150e+01
1.078210020065307617e+01 1.027704346957265891e+01
1.079670000076293945e+01 9.812706414214764195e+00
1.081129980087280273e+01 9.369698498382817320e+00
1.082590007781982422e+01 8.960053158121375816e+00
1.084050035476684570e+01 8.569213976239314690e+00
1.085510015487670898e+01 8.187681847133642776e+00
1.086969995498657227e+01 7.823762854832657432e+00
1.088429975509643555e+01 7.475192859497635567e+00
1.089890003204345703e+01 7.135700491674611179e+00
1.091350030899047852e+01 6.798629296742176642e+00
1.092810010910034180e+01 6.481752718488441367e+00
1.094269990921020508e+01 6.174508035299256292e+00
1.095729970932006836e+01 5.870831176710654908e+00
1.097189998626708984e+01 5.569959875267834093e+00
1.098650026321411133e+01 5.276897307575009854e+00
1.100110006332397461e+01 4.987121073566454399e+00
1.101569986343383789e+01 4.696032592883454981e+00
1.103029966354370117e+01 4.414347474292775964e+00
1.104489994049072266e+01 4.141305551349979019e+00
1.105950021743774414e+01 3.875888028624699277e+00
1.107410001754760742e+01 3.615733305367456740e+00
1.108869981765747070e+01 3.372729377016866703e+00
1.110330009460449219e+01 3.143211950709104752e+00
1.111790037155151367e+01 2.925595377072050418e+00
1.113250017166137695e+01 2.724472161276812354e+00
1.114709997177124023e+01 2.545052336344387101e+00
1.116169977188110352e+01 2.388169204413774782e+00
1.117630004882812500e+01 2.252272877674494023e+00
1.119090032577514648e+01 2.141972620843781261e+00
1.120550012588500977e+01 2.053255161367535830e+00
1.122009992599487305e+01 1.984822994891949133e+00
1.123469972610473633e+01 1.935579634930430393e+00
1.124930000305175781e+01 1.903822997291023666e+00
1.126390027999877930e+01 1.885047161395505766e+00
1.127850008010864258e+01 1.876507527078124182e+00
1.129309988021850586e+01 1.875558666569062005e+00
1.130769968032836914e+01 1.878409184763843998e+00
1.132229995727539062e+01 1.882250914821957055e+00
1.133690023422241211e+01 1.885894675571913259e+00
1.135150003433227539e+01 1.888139506342424889e+00
1.136609983444213867e+01 1.887834127965191788e+00
1.138069963455200195e+01 1.884116594139091161e+00
1.139529991149902344e+01 1.876767266291677450e+00
1.140990018844604492e+01 1.866500203232447808e+00
1.142449998855590820e+01 1.854008837395564546e+00
1.143909978866577148e+01 1.839131170834172435e+00
1.145370006561279297e+01 1.821758159602641536e+00
1.146830034255981445e+01 1.801960051705830956e+00
1.148290014266967773e+01 1.780563975058590875e+00
1.149749994277954102e+01 1.758189197755427369e+00
1.151209974288940430e+01 1.735659039503927081e+00
1.152670001983642578e+01 1.711646779265210583e+00
1.154130029678344727e+01 1.685413100191216484e+00
1.155590009689331055e+01 1.658219507129232495e+00
1.157049989700317383e+01 1.631739381437778302e+00
1.158509969711303711e+01 1.606163547226524990e+00
1.159969997406005859e+01 1.579911992834538426e+00
1.161430025100708008e+01 1.553075331432073103e+00
1.162890005111694336e+01 1.525831675369039964e+00
1.164349985122680664e+01 1.499268071889031662e+00
1.165809965133666992e+01 1.473104664578340106e+00
1.167269992828369141e+01 1.446985270812995772e+00
1.168730020523071289e+01 1.419770483605615086e+00
1.170190000534057617e+01 1.391244618363917773e+00
1.171649980545043945e+01 1.363012213901270808e+00
1.173110008239746094e+01 1.335605739503936018e+00
1.174570035934448242e+01 1.308299077083396211e+00
1.176030015945434570e+01 1.279948495872958336e+00
1.177489995956421076e+01 1.251989167767868505e+00
1.178949975967407227e+01 1.223506845913718388e+00
1.180410003662109375e+01 1.193307571136897671e+00
1.181870031356811523e+01 1.160795248195680918e+00
1.183330011367797852e+01 1.126450229667279368e+00
1.184789991378784180e+01 1.089296279978666071e+00
1.186249971389770508e+01 1.047394700716979932e+00
1.187709999084472656e+01 1.001214030376895270e+00
1.189170026779174805e+01 9.502010938990336220e-01
1.190630006790161133e+01 8.937351863411552300e-01
1.192089986801147461e+01 8.305652212814101931e-01
1.193549966812133789e+01 7.636782060663526162e-01
1.195009994506835938e+01 6.927059214778367169e-01
1.196470022201538086e+01 6.177079616478337032e-01
1.197930002212524414e+01 5.409929771285697520e-01
1.199389982223510742e+01 2.351448004276183723e-01
1.200850009918212891e+01 0.000000000000000000e+00
1.202310037612915217e+01 0.000000000000000000e+00
1.203770017623901367e+01 0.000000000000000000e+00
1.205229997634887695e+01 0.000000000000000000e+00
1.206689977645874023e+01 0.000000000000000000e+00
1.208150005340576172e+01 0.000000000000000000e+00
1.209610033035278320e+01 0.000000000000000000e+00
1.211070013046264648e+01 0.000000000000000000e+00
1.212529993057250977e+01 0.000000000000000000e+00
1.213989973068237305e+01 0.000000000000000000e+00
1.215450000762939453e+01 0.000000000000000000e+00
1.216910028457641602e+01 0.000000000000000000e+00
1.218370008468627930e+01 0.000000000000000000e+00
1.219829988479614258e+01 0.000000000000000000e+00
1.221289968490600586e+01 0.000000000000000000e+00
1.222749996185302734e+01 0.000000000000000000e+00
1.224210023880004883e+01 0.000000000000000000e+00
1.225670003890991211e+01 0.000000000000000000e+00
1.227129983901977539e+01 0.000000000000000000e+00
1.228589963912963867e+01 0.000000000000000000e+00
1.230049991607666016e+01 0.000000000000000000e+00
1.231510019302368342e+01 0.000000000000000000e+00
1.232969999313354670e+01 0.000000000000000000e+00
1.234429979324340820e+01 0.000000000000000000e+00
1.235890007019042969e+01 0.000000000000000000e+00
1.237350034713745295e+01 0.000000000000000000e+00
1.238810014724731445e+01 0.000000000000000000e+00
1.240269994735717773e+01 0.000000000000000000e+00
1.241729974746704102e+01 0.000000000000000000e+00
1.243190002441406250e+01 0.000000000000000000e+00
1.244650030136108398e+01 0.000000000000000000e+00
1.246110010147094727e+01 0.000000000000000000e+00
1.247569990158081055e+01 0.000000000000000000e+00
1.249029970169067383e+01 0.000000000000000000e+00
1.250489997863769531e+01 0.000000000000000000e+00
1.251950025558471680e+01 0.000000000000000000e+00
1.253410005569458008e+01 0.000000000000000000e+00
1.254869985580444336e+01 0.000000000000000000e+00
1.256329965591430664e+01 0.000000000000000000e+00
1.257789993286132812e+01 0.000000000000000000e+00
1.259250020980834961e+01 0.000000000000000000e+00
1.260710000991821289e+01 0.000000000000000000e+00
1.262169981002807617e+01 0.000000000000000000e+00
1.263630008697509766e+01 0.000000000000000000e+00
1.265090036392211914e+01 0.000000000000000000e+00
1.266550016403198242e+01 0.000000000000000000e+00
1.268009996414184570e+01 0.000000000000000000e+00
1.269469976425170898e+01 0.000000000000000000e+00
1.270930004119873047e+01 0.000000000000000000e+00
1.272390031814575195e+01 0.000000000000000000e+00
1.273850011825561523e+01 0.000000000000000000e+00
1.275309991836547852e+01 0.000000000000000000e+00
1.276769971847534180e+01 0.000000000000000000e+00
1.278229999542236328e+01 0.000000000000000000e+00
1.279690027236938477e+01 0.000000000000000000e+00
1.281150007247924805e+01 0.000000000000000000e+00
1.282609987258911133e+01 0.000000000000000000e+00
1.284069967269897461e+01 0.000000000000000000e+00
1.285529994964599609e+01 0.000000000000000000e+00
1.286990022659301758e+01 0.000000000000000000e+00
1.288450002670288086e+01 0.000000000000000000e+00
1.289909982681274414e+01 0.000000000000000000e+00
1.291369962692260742e+01 0.000000000000000000e+00
1.292829990386962891e+01 0.000000000000000000e+00
1.294290018081665039e+01 0.000000000000000000e+00
1.295749998092651367e+01 0.000000000000000000e+00
1.297209978103637695e+01 0.000000000000000000e+00
1.298670005798339844e+01 0.000000000000000000e+00
1.300130033493041992e+01 0.000000000000000000e+00
1.301590013504028320e+01 0.000000000000000000e+00
1.303049993515014648e+01 0.000000000000000000e+00
1.304509973526000977e+01 0.000000000000000000e+00
1.305970001220703125e+01 0.000000000000000000e+00
1.307430028915405273e+01 0.000000000000000000e+00
1.308890008926391602e+01 0.000000000000000000e+00
1.310349988937377930e+01 0.000000000000000000e+00
1.311809968948364258e+01 0.000000000000000000e+00
1.313269996643066406e+01 0.000000000000000000e+00
1.314730024337768555e+01 0.000000000000000000e+00
1.316190004348754883e+01 0.000000000000000000e+00
1.317649984359741211e+01 0.000000000000000000e+00
1.319109964370727539e+01 0.000000000000000000e+00
1.320569992065429688e+01 0.000000000000000000e+00
1.322030019760131836e+01 0.000000000000000000e+00
1.323489999771118164e+01 0.000000000000000000e+00
1.324949979782104492e+01 0.000000000000000000e+00
1.326410007476806641e+01 0.000000000000000000e+00
1.327870035171508789e+01 0.000000000000000000e+00
1.329330015182495117e+01 0.000000000000000000e+00
1.330789995193481445e+01 0.000000000000000000e+00
1.332249975204467773e+01 0.000000000000000000e+00
1.333710002899169922e+01 0.000000000000000000e+00
1.335170030593872070e+01 0.000000000000000000e+00
1.336630010604858398e+01 0.000000000000000000e+00
1.338089990615844727e+01 0.000000000000000000e+00
1.339549970626831055e+01 0.000000000000000000e+00
1.341009998321533203e+01 0.000000000000000000e+00
1.342470026016235352e+01 0.000000000000000000e+00
1.343930006027221680e+01 0.000000000000000000e+00
1.345389986038208008e+01 0.000000000000000000e+00
1.346849966049194336e+01 0.000000000000000000e+00
1.348309993743896484e+01 0.000000000000000000e+00
1.349770021438598633e+01 0.000000000000000000e+00
1.351230001449584961e+01 0.000000000000000000e+00
1.352689981460571289e+01 0.000000000000000000e+00
1.354150009155273438e+01 0.000000000000000000e+00
1.355610036849975586e+01 0.000000000000000000e+00
1.357070016860961914e+01 0.000000000000000000e+00
1.358529996871948242e+01 0.000000000000000000e+00
1.359989976882934570e+01 0.000000000000000000e+00
1.361450004577636719e+01 0.000000000000000000e+00
1.362910032272338867e+01 0.000000000000000000e+00
1.364370012283325195e+01 0.000000000000000000e+00
1.365829992294311523e+01 0.000000000000000000e+00
1.367289972305297852e+01 0.000000000000000000e+00
1.368750000000000000e+01 0.000000000000000000e+00
1.370210027694702148e+01 0.000000000000000000e+00
1.371670007705688477e+01 0.000000000000000000e+00
1.373129987716674805e+01 0.000000000000000000e+00
1.374589967727661133e+01 0.000000000000000000e+00
1.376049995422363281e+01 0.000000000000000000e+00
1.377510023117065430e+01 0.000000000000000000e+00
1.378970003128051758e+01 0.000000000000000000e+00
1.380429983139038086e+01 0.000000000000000000e+00
1.381889963150024414e+01 0.000000000000000000e+00
1.383349990844726562e+01 0.000000000000000000e+00
1.384810018539428711e+01 0.000000000000000000e+00
1.386269998550415039e+01 0.000000000000000000e+00
1.387729978561401367e+01 0.000000000000000000e+00
1.389190006256103516e+01 0.000000000000000000e+00
1.390650033950805664e+01 0.000000000000000000e+00
1.392110013961791992e+01 0.000000000000000000e+00
1.393569993972778320e+01 0.000000000000000000e+00
1.395029973983764648e+01 0.000000000000000000e+00
1.396490001678466797e+01 0.000000000000000000e+00
1.397950029373168945e+01 0.000000000000000000e+00
1.399410009384155273e+01 0.000000000000000000e+00
1.400869989395141602e+01 0.000000000000000000e+00
1.402329969406127930e+01 0.000000000000000000e+00
1.403789997100830078e+01 0.000000000000000000e+00
1.405250024795532227e+01 0.000000000000000000e+00
1.406710004806518555e+01 0.000000000000000000e+00
1.408169984817504883e+01 0.000000000000000000e+00
1.409629964828491211e+01 0.000000000000000000e+00
1.411089992523193359e+01 0.000000000000000000e+00
1.412550020217895508e+01 0.000000000000000000e+00
1.414010000228881836e+01 0.000000000000000000e+00
1.415469980239868164e+01 0.000000000000000000e+00
1.416930007934570312e+01 0.000000000000000000e+00
1.418390035629272461e+01 0.000000000000000000e+00
1.419850015640258789e+01 0.000000000000000000e+00
1.421309995651245117e+01 0.000000000000000000e+00
1.422769975662231445e+01 0.000000000000000000e+00
1.424230003356933594e+01 0.000000000000000000e+00
1.425690031051635742e+01 0.000000000000000000e+00
1.427150011062622070e+01 0.000000000000000000e+00
1.428609991073608398e+01 0.000000000000000000e+00
1.430069971084594727e+01 0.000000000000000000e+00
1.431529998779296875e+01 0.000000000000000000e+00
1.432990026473999023e+01 0.000000000000000000e+00
1.434450006484985352e+01 0.000000000000000000e+00
1.435909986495971680e+01 0.000000000000000000e+00
1.437369966506958008e+01 0.000000000000000000e+00
1.438829994201660156e+01 0.000000000000000000e+00
1.440290021896362305e+01 0.000000000000000000e+00
1.441750001907348633e+01 0.000000000000000000e+00
1.443209981918334961e+01 0.000000000000000000e+00
1.444670009613037109e+01 0.000000000000000000e+00
1.446130037307739258e+01 0.000000000000000000e+00
1.447590017318725586e+01 0.000000000000000000e+00
1.449049997329711914e+01 0.000000000000000000e+00
1.450509977340698242e+01 0.000000000000000000e+00
1.451970005035400391e+01 0.000000000000000000e+00
1.453430032730102539e+01 0.000000000000000000e+00
1.454890012741088867e+01 0.000000000000000000e+00
1.456349992752075195e+01 0.000000000000000000e+00
1.457809972763061523e+01 0.000000000000000000e+00
1.459270000457763672e+01 0.000000000000000000e+00
1.460730028152465820e+01 0.000000000000000000e+00
1.462190008163452148e+01 0.000000000000000000e+00
1.463649988174438477e+01 0.000000000000000000e+00
1.465109968185424805e+01 0.000000000000000000e+00
1.466569995880126953e+01 0.000000000000000000e+00
1.468030023574829102e+01 0.000000000000000000e+00
1.469490003585815430e+01 0.000000000000000000e+00
1.470949983596801758e+01 0.000000000000000000e+00
1.472409963607788086e+01 0.000000000000000000e+00
1.473869991302490234e+01 0.000000000000000000e+00
1.475330018997192383e+01 0.000000000000000000e+00
1.476789999008178711e+01 0.000000000000000000e+00
1.478249979019165039e+01 0.000000000000000000e+00
1.479710006713867188e+01 0.000000000000000000e+00
1.481170034408569336e+01 0.000000000000000000e+00
1.482630014419555664e+01 0.000000000000000000e+00
1.484089994430542170e+01 0.000000000000000000e+00
1.485549974441528320e+01 0.000000000000000000e+00
1.487010002136230469e+01 0.000000000000000000e+00
1.488470029830932617e+01 0.000000000000000000e+00
1.489930009841918945e+01 0.000000000000000000e+00
1.491389989852905273e+01 0.000000000000000000e+00
1.492849969863891602e+01 0.000000000000000000e+00
1.494309997558593750e+01 0.000000000000000000e+00
