1.095000025816261768e-02 4.442690729952119000e+04
2.190000051632523537e-02 5.448075925177704630e+04
3.650000039488077164e-02 5.982404077674345899e+04
5.110000073909759521e-02 2.634459510877104962e-02
6.570000015199184418e-02 1.193041863327068408e-01
8.029999956488609314e-02 2.962257534280809956e+00
9.490000084042549133e-02 7.833339962660945233e+00
1.095000021159648895e-01 1.708909317851558995e+01
1.241000033915042877e-01 2.634577615662214711e+01
1.387000009417533875e-01 3.314338228139757092e+01
1.533000022172927856e-01 4.463078043359658409e+01
1.679000034928321838e-01 6.676086161572226274e+01
1.824999973177909851e-01 9.722446999522738054e+01
1.970999985933303833e-01 7.736574954373409696e+01
2.116999998688697815e-01 1.596245588023847972e+02
2.263000011444091797e-01 2.574527127027437245e+02
2.409000024199485779e-01 3.572660517796144859e+02
2.555000036954879761e-01 4.952441029494991653e+02
2.700999975204467773e-01 6.655501027751142828e+02
2.846999913454055786e-01 8.700489685889323255e+02
2.993000000715255737e-01 1.116842289376762665e+03
3.139000087976455688e-01 1.430217970378322434e+03
3.285000026226043701e-01 1.805575587925645323e+03
3.430999964475631714e-01 2.240715396840897483e+03
3.577000051736831665e-01 5.923485678456686401e+02
3.722999989986419678e-01 3.829981375782054442e+02
3.868999928236007690e-01 5.731192455669997798e+02
4.015000015497207642e-01 8.953926897483199809e+02
4.161000102758407593e-01 1.094398274141994534e+03
4.307000041007995605e-01 1.377660813490422242e+03
4.452999979257583618e-01 1.712288601873268590e+03
4.599000066518783569e-01 2.056280835989809930e+03
4.745000004768371582e-01 2.449179827063830089e+03
4.890999943017959595e-01 2.887833644462034499e+03
5.036999881267547607e-01 3.373864005436644220e+03
5.182999968528747559e-01 3.918508557904942791e+03
5.329000055789947510e-01 4.478199841182117780e+03
5.474999845027923584e-01 5.110572442367811163e+03
5.620999932289123535e-01 2.993030667846596771e+03
5.767000019550323486e-01 4.506705601863814081e+03
5.912999808788299561e-01 5.039850367080589422e+03
6.058999896049499512e-01 5.547689114172271729e+03
6.204999983310699463e-01 6.343462610942651736e+03
6.351000070571899414e-01 7.151375148112038005e+03
6.497000157833099365e-01 7.985539609006764294e+03
6.642999947071075439e-01 8.889947783137586157e+03
6.789000034332275391e-01 9.861822460351277186e+03
6.935000121593475342e-01 1.078568296363755508e+04
7.080999910831451416e-01 1.169541165900227497e+04
7.226999998092651367e-01 1.260816568964173712e+04
7.373000085353851318e-01 1.346510047650326669e+04
7.518999874591827393e-01 1.435498738582055012e+04
7.664999961853027344e-01 1.517766301974461385e+04
7.811000049114227295e-01 1.596607081746697077e+04
7.956999838352203369e-01 1.676327798479633202e+04
8.102999925613403320e-01 1.747043974230564345e+04
8.249000012874603271e-01 1.811634051924784217e+04
8.395000100135803223e-01 1.872291235556531319e+04
8.541000187397003174e-01 1.930036973412825319e+04
8.686999976634979248e-01 1.983016758734947871e+04
8.833000063896179199e-01 2.035194346117350506e+04
8.979000151157379150e-01 2.085379339405335486e+04
9.124999940395355225e-01 2.132880080398535938e+04
9.271000027656555176e-01 2.173435713832532201e+04
9.417000114917755127e-01 2.208577123036548073e+04
9.562999904155731201e-01 2.235479385286680554e+04
9.708999991416931152e-01 2.259749893102025453e+04
9.855000078678131104e-01 2.281610665060043175e+04
1.000100016593933105e+00 2.303435083908880188e+04
1.014699995517730713e+00 2.321880968107734589e+04
1.029299974441528320e+00 2.336870659678425000e+04
1.043900012969970703e+00 2.343553542486915831e+04
1.058499991893768311e+00 2.345775845142270555e+04
1.073099970817565918e+00 2.348265779710345669e+04
1.087700009346008301e+00 2.350992281045591881e+04
1.102299988269805908e+00 2.341567889488942456e+04
1.116899967193603516e+00 2.335977962331980962e+04
1.131500005722045898e+00 2.325340881067177179e+04
1.146099984645843506e+00 2.312695485441054188e+04
1.160699963569641113e+00 2.295498789997054701e+04
1.175300002098083496e+00 2.274433753266293934e+04
1.189899981021881104e+00 2.251301775277170236e+04
1.204499959945678711e+00 2.225823805375739539e+04
1.219099998474121094e+00 2.196445999418301653e+04
1.233700037002563477e+00 2.169201729566339054e+04
1.248300015926361084e+00 2.151382337265204114e+04
1.262899994850158691e+00 2.134307896574227925e+04
1.277500033378601074e+00 2.105807151338012773e+04
1.292100012302398682e+00 2.077382516581565142e+04
1.306699991226196289e+00 2.051979866109832074e+04
1.321300029754638672e+00 2.031782034930529335e+04
1.335900008678436279e+00 2.000026437201540830e+04
1.350499987602233887e+00 1.973487098963460085e+04
1.365100026130676270e+00 1.954806169817402406e+04
1.379700005054473877e+00 1.937863776784070069e+04
1.394299983978271484e+00 1.908962176357817953e+04
1.408900022506713867e+00 1.890352009506841569e+04
1.423500001430511475e+00 1.877252696738196391e+04
1.438099980354309082e+00 1.856571086682379246e+04
1.452700018882751465e+00 1.840444197364377032e+04
1.467299997806549072e+00 1.822770857784234977e+04
1.481899976730346680e+00 1.803015667303498049e+04
1.496500015258789062e+00 1.791269289063848191e+04
1.511099994182586670e+00 1.775403607716725674e+04
1.525699973106384277e+00 1.760232308186004957e+04
1.540300011634826660e+00 1.752543688112382370e+04
1.554899990558624268e+00 1.746497859592182067e+04
1.569499969482421875e+00 1.737972782079850731e+04
1.584100008010864258e+00 1.727713977861640160e+04
1.598699986934661865e+00 1.727269308632912725e+04
1.613299965858459473e+00 1.730239839966998261e+04
1.627900004386901855e+00 1.740326622029897408e+04
1.642499983310699463e+00 1.753349306954987696e+04
1.657099962234497070e+00 1.606039910066101584e+04
1.671700000762939453e+00 1.501374498184304684e+04
1.686300039291381836e+00 1.590538004465997801e+04
1.700900018215179443e+00 1.562397110319579951e+04
1.715499997138977051e+00 1.581730014011100138e+04
1.730100035667419434e+00 1.622604898341251101e+04
1.744700014591217041e+00 1.628218758642105968e+04
1.759299993515014648e+00 1.636860902635817183e+04
1.773900032043457031e+00 1.663622836292688589e+04
1.788500010967254639e+00 1.706606522348010913e+04
1.803099989891052246e+00 1.729878184448807588e+04
1.817700028419494629e+00 1.751941828536018875e+04
1.832300007343292236e+00 1.773128416448344069e+04
1.846899986267089844e+00 1.805602664148864278e+04
1.861500024795532227e+00 1.843539849508033512e+04
1.876100003719329834e+00 1.878133469599561067e+04
1.890699982643127441e+00 1.910770095673797186e+04
1.905300021171569824e+00 1.942837320334547258e+04
1.919900000095367432e+00 1.981581878244469408e+04
1.934499979019165039e+00 2.021277548828948056e+04
1.949100017547607422e+00 2.061468859219530714e+04
1.963699996471405029e+00 2.088737453927933529e+04
1.978299975395202637e+00 2.118739698385070369e+04
1.992900013923645020e+00 2.160780156543751218e+04
2.007500052452087402e+00 2.211141254019821645e+04
2.022100090980529785e+00 2.233942745251624729e+04
2.036700010299682617e+00 2.273055515734085930e+04
2.051299929618835449e+00 2.334042703041632194e+04
2.065899968147277832e+00 2.411248946832529327e+04
2.080500006675720215e+00 2.468182707825690159e+04
2.095100045204162598e+00 2.521215429555923038e+04
2.109700083732604980e+00 2.576070210011494055e+04
2.124300003051757812e+00 2.631922586224391125e+04
2.138899922370910645e+00 2.688885104425935424e+04
2.153499960899353027e+00 2.744885450938454596e+04
2.168099999427795410e+00 2.799499011312036600e+04
2.182700037956237793e+00 2.846931179919920396e+04
2.197300076484680176e+00 2.893180558430685778e+04
2.211899995803833008e+00 2.926110118637552659e+04
2.226499915122985840e+00 2.949789683179915301e+04
2.241099953651428223e+00 2.961475812280696118e+04
2.255699992179870605e+00 2.964036385806139151e+04
2.270300030708312988e+00 2.960138135288161720e+04
2.284900069236755371e+00 2.844895663783972850e+04
2.299499988555908203e+00 2.499864895289647393e+04
2.314099907875061035e+00 2.083118611412828614e+04
2.328699946403503418e+00 1.868337823354977445e+04
2.343299984931945801e+00 1.975326115807547467e+04
2.357900023460388184e+00 2.038403858214223874e+04
2.372500061988830566e+00 2.058608396710042143e+04
2.387099981307983398e+00 1.978295767808049277e+04
2.401699900627136230e+00 1.990429119873624586e+04
2.416299939155578613e+00 1.895109779397898819e+04
2.430899977684020996e+00 1.987567931564626633e+04
2.445500016212463379e+00 2.151656382902729092e+04
2.460100054740905762e+00 2.259579523149568558e+04
2.474700093269348145e+00 2.428650481379008852e+04
2.489300012588500977e+00 2.621961504974024137e+04
2.503899931907653809e+00 2.774823241193189460e+04
2.518499970436096191e+00 2.775722336521084799e+04
2.533100008964538574e+00 2.448718181490221468e+04
2.547700047492980957e+00 2.162906262528849766e+04
2.562300086021423340e+00 2.088967863583093276e+04
2.576900005340576172e+00 2.079766234342059761e+04
2.591499924659729004e+00 2.036848291372734820e+04
2.606099963188171387e+00 2.074179933078994509e+04
2.620700001716613770e+00 2.081441367431580147e+04
2.635300040245056152e+00 1.991048653555935743e+04
2.649900078773498535e+00 1.805409388712178043e+04
2.664499998092651367e+00 1.733318671640518005e+04
2.679099917411804199e+00 1.686572588848775922e+04
2.693699955940246138e+00 1.620979158715272206e+04
2.708299994468688965e+00 1.589090729833060323e+04
2.722900032997131348e+00 1.553227807980874786e+04
2.737500071525573730e+00 1.520111497936795786e+04
2.752099990844726562e+00 1.501259710762496979e+04
2.766699910163879395e+00 1.482830325185204856e+04
2.781299948692321777e+00 1.479270824859213462e+04
2.795899987220764160e+00 1.466493792941037100e+04
2.810500025749206543e+00 1.440020758095670317e+04
2.825100064277648926e+00 1.418760088672570419e+04
2.839699983596801758e+00 1.390697223116603709e+04
2.854299902915954590e+00 1.370038682835001964e+04
2.868899941444396973e+00 1.358314658641575079e+04
2.883499979972839355e+00 1.346381017503972544e+04
2.898100018501281738e+00 1.315687334254107554e+04
2.912700057029724121e+00 1.225782695910311304e+04
2.927300095558166504e+00 1.173654438252924592e+04
2.941900014877319336e+00 1.226758878101463779e+04
2.956499934196472168e+00 1.233835549214745697e+04
2.971099972724914551e+00 1.247441072473520762e+04
2.985700011253356934e+00 1.254386001360217051e+04
3.000300049781799316e+00 1.256812961089508462e+04
3.014900088310241699e+00 1.260142763549083611e+04
3.029500007629394531e+00 1.288954240258135542e+04
3.044099926948547363e+00 1.278743506591126788e+04
3.058699965476989746e+00 1.268126280494925595e+04
3.073300004005432129e+00 1.265842242491999059e+04
3.087900042533874956e+00 1.267687191636923671e+04
3.102500081062316895e+00 1.273555617308375076e+04
3.117100000381469727e+00 1.275404332868674828e+04
3.131699919700622559e+00 1.281483490797654667e+04
3.146299958229064941e+00 1.297107614573178580e+04
3.160899996757507324e+00 1.322275527445526677e+04
3.175500035285949707e+00 1.256644545155722881e+04
3.190100073814392090e+00 1.227459066285518929e+04
3.204699993133544922e+00 1.195938774606020161e+04
3.219299912452697754e+00 1.186659751065235469e+04
3.233899950981140137e+00 1.165545245357861859e+04
3.248499989509582520e+00 1.156373135727335466e+04
3.263100028038024902e+00 1.149569102999521419e+04
3.277700066566467285e+00 1.144377827249627444e+04
3.292299985885620117e+00 1.138719575001232442e+04
3.306899905204772949e+00 1.135722232183979941e+04
3.321499943733215332e+00 1.131564819834238733e+04
3.336099982261657715e+00 1.124484163017314131e+04
3.350700020790100098e+00 1.112504753368739330e+04
3.365300059318542480e+00 1.094398010013719613e+04
3.379900097846984863e+00 1.064423400462146674e+04
3.394500017166137695e+00 1.079520205018980050e+04
3.409099936485290527e+00 1.082478948701464105e+04
3.423699975013732910e+00 1.083023497867543483e+04
3.438300013542175293e+00 1.082693424723402131e+04
3.452900052070617676e+00 1.080997881258554116e+04
3.467500090599060059e+00 1.080166022329649422e+04
3.482100009918212891e+00 1.080478378326006350e+04
3.496699929237365723e+00 1.081624743562770163e+04
3.511299967765808105e+00 1.081739108533383842e+04
3.525900006294250488e+00 1.082405426404875470e+04
3.540500044822692871e+00 1.081779095795809553e+04
3.555100083351135254e+00 1.080906974716526747e+04
3.569700002670288086e+00 1.080368984548840672e+04
3.584299921989440918e+00 1.079124768066321849e+04
3.598899960517883301e+00 1.079497921591610066e+04
3.613499999046325684e+00 1.080003964066236222e+04
3.628100037574768066e+00 1.081418642802418617e+04
3.642700076103210449e+00 1.082988905000092927e+04
3.657299995422363281e+00 1.083837756209504732e+04
3.671899914741516113e+00 1.084856074253366387e+04
3.686499953269958496e+00 1.078503419937533181e+04
3.701099991798400879e+00 1.057267853684606962e+04
3.715700030326843262e+00 1.037137061450721376e+04
3.730300068855285645e+00 1.022216527680939180e+04
3.744899988174438477e+00 1.022902900372173463e+04
3.759499907493591309e+00 1.021649582016834756e+04
3.774099946022033691e+00 1.022309268591925502e+04
3.788699984550476074e+00 1.024663939929268963e+04
3.803300023078918457e+00 1.023436590539859026e+04
3.817900061607360840e+00 1.022472348358860472e+04
3.832499980926513672e+00 1.022895222854458552e+04
3.847099900245666504e+00 1.023347963534888549e+04
3.861699938774108887e+00 1.023245011217568390e+04
3.876299977302551270e+00 1.023124339408241212e+04
3.890900015830993652e+00 1.021667960394552210e+04
3.905500054359436035e+00 1.020170820879684470e+04
3.920100092887878418e+00 1.020316453013947466e+04
3.934700012207031250e+00 1.021358366783715610e+04
3.949299931526184082e+00 1.022508436167299806e+04
3.963899970054626465e+00 1.023762669628922595e+04
3.978500008583068848e+00 1.024137445172073058e+04
3.993100047111511230e+00 1.024202352332395094e+04
4.007699966430664062e+00 1.026196078896646213e+04
4.022300004959106445e+00 1.027471510988107184e+04
4.036900043487548828e+00 1.025602497406907787e+04
4.051500082015991211e+00 1.012070881702129554e+04
4.066100120544433594e+00 1.004877124396443833e+04
4.080699920654296875e+00 1.001448766724024608e+04
4.095299959182739258e+00 9.984100900192061090e+03
4.109899997711181641e+00 9.975415857866209990e+03
4.124500036239624023e+00 9.967600446907454170e+03
4.139100074768066406e+00 9.959439072531495185e+03
4.153699874877929688e+00 9.952025551683618687e+03
4.168299913406372070e+00 9.942725274868280394e+03
4.182899951934814453e+00 9.932171604214090621e+03
4.197499990463256836e+00 9.922205345901602414e+03
4.212100028991699219e+00 9.912842695689505490e+03
4.226700067520141602e+00 9.903009236950310878e+03
4.241300106048583984e+00 9.890361555380877689e+03
4.255899906158447266e+00 9.880875736826055800e+03
4.270499944686889648e+00 9.877024093839281704e+03
4.285099983215332031e+00 9.873048347071744502e+03
4.299700021743774414e+00 9.866704521346036927e+03
4.314300060272216797e+00 9.856914002875782899e+03
4.328900098800659180e+00 9.846712450143968454e+03
4.343500137329101562e+00 9.835515288682472601e+03
4.358099937438964844e+00 9.826388573969779827e+03
4.372699975967407227e+00 9.820153114310414821e+03
4.387300014495849609e+00 9.811500231762693147e+03
4.401900053024291992e+00 9.802015492414284381e+03
4.416500091552734375e+00 9.792572384685627185e+03
4.431099891662597656e+00 9.777963467058725655e+03
4.445699930191040039e+00 9.763642232701386092e+03
4.460299968719482422e+00 9.753311727672553388e+03
4.474900007247924805e+00 9.743655750935431570e+03
4.489500045776367188e+00 9.733830399591170135e+03
4.504100084304809570e+00 9.724761053348629503e+03
4.518700122833251953e+00 9.714354274024117331e+03
4.533299922943115234e+00 9.701020796092052478e+03
4.547899961471557617e+00 9.689586775903080706e+03
4.562500000000000000e+00 9.682651586444990244e+03
4.577100038528442383e+00 9.675267787770280847e+03
4.591700077056884766e+00 9.661697467890917324e+03
4.606299877166748047e+00 9.648659814774873666e+03
4.620899915695190430e+00 9.636918252181203570e+03
4.635499954223632812e+00 9.625967811439295474e+03
4.650099992752075195e+00 9.613229827482427936e+03
4.664700031280517578e+00 9.601735370779351797e+03
4.679300069808959961e+00 9.593971616823182558e+03
4.693900108337402344e+00 9.589799010427668691e+03
4.708499908447265625e+00 9.585842384558418416e+03
4.723099946975708008e+00 9.581748754499130882e+03
4.737699985504150391e+00 9.577089414869988104e+03
4.752300024032592773e+00 9.570495561638381332e+03
4.766900062561035156e+00 9.564726644703114289e+03
4.781499862670898438e+00 9.561925644902657950e+03
4.796099901199340820e+00 9.558810467478906503e+03
4.810699939727783203e+00 9.543461577823109110e+03
4.825299978256225586e+00 9.522829181878478266e+03
4.839900016784667969e+00 9.505686710622285318e+03
4.854500055313110352e+00 9.489583213053265354e+03
4.869100093841552734e+00 9.472317925519746495e+03
4.883699893951416016e+00 9.453907893475843593e+03
4.898299932479858398e+00 9.438263568927141023e+03
4.912899971008300781e+00 9.423088604262375156e+03
4.927500009536743164e+00 9.407731080318626482e+03
4.942100048065185547e+00 9.388881291624784353e+03
4.956700086593627930e+00 9.370792459594667889e+03
4.971300125122070312e+00 9.352971419048117241e+03
4.985899925231933594e+00 9.334021944482628896e+03
5.000499963760375977e+00 9.314332279222981015e+03
5.015100002288818359e+00 9.295149303989092004e+03
5.029700040817260742e+00 9.275309364397799072e+03
5.044300079345703125e+00 9.254509209222305799e+03
5.058899879455566406e+00 9.233482499075762462e+03
5.073499917984008789e+00 9.213091283891117200e+03
5.088099956512451172e+00 9.192369744505413109e+03
5.102699995040893555e+00 9.170943374647322344e+03
5.117300033569335938e+00 9.149508603741196566e+03
5.131900072097778320e+00 9.125439544732216746e+03
5.146500110626220703e+00 9.102276845169399166e+03
5.161099910736083984e+00 9.079762781766476110e+03
5.175699949264526367e+00 9.057765407169426908e+03
5.190299987792968750e+00 9.036010095496749273e+03
5.204900026321411133e+00 9.014765748679565149e+03
5.219500064849853516e+00 8.989943045889958739e+03
5.234099864959716797e+00 8.961862285286770202e+03
5.248699903488159180e+00 8.934956405073535279e+03
5.263299942016601562e+00 8.913024529124413675e+03
5.277899980545043945e+00 8.890087311556271743e+03
5.292500019073486328e+00 8.861802959154374548e+03
5.307100057601928711e+00 8.832514927848933439e+03
5.321700096130371094e+00 8.807056232308241306e+03
5.336299896240234375e+00 8.781500736722591682e+03
5.350899934768676758e+00 8.752474517677910626e+03
5.365499973297119141e+00 8.721447535458537459e+03
5.380100011825561523e+00 8.693852394685563922e+03
5.394700050354003906e+00 8.666863088365062140e+03
5.409300088882446289e+00 8.639652321562607540e+03
5.423900127410888672e+00 8.610655390316424018e+03
5.438499927520751953e+00 8.582370443036779761e+03
5.453099966049194336e+00 8.554352301280232496e+03
5.467700004577636719e+00 8.526072712129462161e+03
5.482300043106079102e+00 8.492310408564662794e+03
5.496900081634521484e+00 8.458289303234778345e+03
5.511499881744384766e+00 8.426995725631059031e+03
5.526099920272827148e+00 8.395754800767463166e+03
5.540699958801269531e+00 8.361211658302636351e+03
5.555299997329711914e+00 8.325342998591622745e+03
5.569900035858154297e+00 8.292144589722738601e+03
5.584500074386596680e+00 8.260483858066436369e+03
5.599100112915039062e+00 8.227403883233819215e+03
5.613699913024902344e+00 8.189664944734431629e+03
5.628299951553344727e+00 8.152304169129820366e+03
5.642899990081787109e+00 8.119290331433148822e+03
5.657500028610229492e+00 8.086212445050477982e+03
5.672100067138671875e+00 8.049292428904664121e+03
5.686699867248535156e+00 8.012498886409957777e+03
5.701299905776977539e+00 7.977105869485967560e+03
5.715899944305419922e+00 7.941628878620576870e+03
5.730499982833862305e+00 7.905145079712383449e+03
5.745100021362304688e+00 7.868100634959773743e+03
5.759700059890747070e+00 7.831655946529281209e+03
5.774300098419189453e+00 7.796244821861364471e+03
5.788899898529052734e+00 7.758948333321313839e+03
5.803499937057495117e+00 7.719854437254980439e+03
5.818099975585937500e+00 7.680269577576837037e+03
5.832700014114379883e+00 7.646694197637771140e+03
5.847300052642822266e+00 7.612510196941002505e+03
5.861900091171264648e+00 7.573253063128504436e+03
5.876500129699707031e+00 7.533846632168206270e+03
5.891099929809570312e+00 7.495879666885230108e+03
5.905699968338012695e+00 7.457825037749898911e+03
5.920300006866455078e+00 7.417241196594659414e+03
5.934900045394897461e+00 7.375698939722497016e+03
5.949500083923339844e+00 7.334093174495137646e+03
5.964099884033203125e+00 7.294058082106857910e+03
5.978699922561644620e+00 7.253694785276820767e+03
5.993299961090087891e+00 7.213781084919901332e+03
6.007899999618530273e+00 7.173516876150642929e+03
6.022500038146972656e+00 7.132185686714365147e+03
6.037100076675415039e+00 7.089657771530255559e+03
6.051700115203857422e+00 7.047781372875761008e+03
6.066299915313720703e+00 7.004948890426021535e+03
6.080899953842163086e+00 6.962805009789008182e+03
6.095499992370605469e+00 6.920785898364556488e+03
6.110100030899047852e+00 6.877804893156280741e+03
6.124700069427490234e+00 6.834374615255001117e+03
6.139299869537353516e+00 6.790364058133491199e+03
6.153899908065795898e+00 6.745612700228775793e+03
6.168499946594238281e+00 6.701437292213086039e+03
6.183099985122680664e+00 6.658741316414307221e+03
6.197700023651123047e+00 6.616047363741017762e+03
6.212300062179565430e+00 6.573236655640357640e+03
6.226900100708007812e+00 6.529924058122560382e+03
6.241499900817871094e+00 6.485639000311493874e+03
6.256099939346313477e+00 6.440661600208841264e+03
6.270699977874755859e+00 6.396752171713160351e+03
6.285300016403198242e+00 6.351656798983640329e+03
6.299900054931640625e+00 6.307413322087995766e+03
6.314500093460083008e+00 6.262781750592694152e+03
6.329100131988525391e+00 6.218407440701412270e+03
6.343699932098388672e+00 6.171671341917317477e+03
6.358299970626831055e+00 6.122676461154696881e+03
6.372900009155273438e+00 6.074020202618157782e+03
6.387500047683715820e+00 6.024279529674458900e+03
6.402100086212158203e+00 5.973352327191605582e+03
6.416699886322021484e+00 5.923251051399347489e+03
6.431299924850463867e+00 5.876106414461901295e+03
6.445899963378906250e+00 5.831148479046532884e+03
6.460500001907348633e+00 5.785654457667988027e+03
6.475100040435791016e+00 5.740421696600606083e+03
6.489700078964233398e+00 5.695062160134511942e+03
6.504300117492675781e+00 5.650214947991116787e+03
6.518899917602539062e+00 5.604978680594285834e+03
6.533499956130981445e+00 5.558055154006069642e+03
6.548099994659423828e+00 5.511190554557288124e+03
6.562700033187866211e+00 5.466163629489528830e+03
6.577300071716308594e+00 5.421630617684058961e+03
6.591899871826171875e+00 5.377520228194043739e+03
6.606499910354614258e+00 5.334512394074408803e+03
6.621099948883056641e+00 5.290493035226973007e+03
6.635699987411499023e+00 5.245430280774598941e+03
6.650300025939941406e+00 5.201416529689595336e+03
6.664900064468383789e+00 5.159605935932631837e+03
6.679500102996826172e+00 5.117551394869224168e+03
6.694099903106689453e+00 5.072368488549727772e+03
6.708699941635131836e+00 5.027862252882187022e+03
6.723299980163574219e+00 4.988386188233562279e+03
6.737900018692016602e+00 4.949188788032188313e+03
6.752500057220458984e+00 4.907376409073549439e+03
6.767100095748901367e+00 4.865004342582324171e+03
6.781700134277343750e+00 4.824178301578285755e+03
6.796299934387207031e+00 4.783875322846142808e+03
6.810899972915649414e+00 4.744014066091040149e+03
6.825500011444091797e+00 4.704207057329767849e+03
6.840100049972534180e+00 4.665112466500431765e+03
6.854700088500976562e+00 4.626772080291630118e+03
6.869299888610839844e+00 4.588706821095911437e+03
6.883899927139282227e+00 4.551695399698019173e+03
6.898499965667724609e+00 4.515345032189088670e+03
6.913100004196166992e+00 4.478261529584415257e+03
6.927700042724609375e+00 4.441340238622615288e+03
6.942300081253051758e+00 4.406246538314917416e+03
6.956900119781494141e+00 4.371754662702187488e+03
6.971499919891357422e+00 4.336882048369261611e+03
6.986099958419799805e+00 4.301214201746006438e+03
7.000699996948242188e+00 4.266527794356989034e+03
7.015300035476684570e+00 4.232468817031076469e+03
7.029900074005126953e+00 4.198732886391098873e+03
7.044499874114990234e+00 4.163078784836216073e+03
7.059099912643432617e+00 4.128045712684524915e+03
7.073699951171875000e+00 4.095361498116290022e+03
7.088299989700317383e+00 4.063486140614713804e+03
7.102900028228759766e+00 4.030509441668073123e+03
7.117500066757202148e+00 3.997866439806330163e+03
7.132100105285644531e+00 3.965783256603572227e+03
7.146699905395507812e+00 3.934427334490919748e+03
7.161299943923950195e+00 3.903087770231650211e+03
7.175899982452392578e+00 3.871945771493301436e+03
7.190500020980834961e+00 3.842565052264035330e+03
7.205100059509277344e+00 3.817257365017212578e+03
7.219700098037719727e+00 3.790648722315381747e+03
7.234300136566162109e+00 3.758228610308833595e+03
7.248899936676025391e+00 3.725402415204825957e+03
7.263499975204467773e+00 3.695841951014244842e+03
7.278100013732910156e+00 3.666090999479365564e+03
7.292700052261352539e+00 3.636539208173417137e+03
7.307300090789794922e+00 3.600664254497587535e+03
7.321899890899658203e+00 3.571376340005372185e+03
7.336499929428100586e+00 3.543431915886685601e+03
7.351099967956542969e+00 3.515379956479591783e+03
7.365700006484985352e+00 3.487543785331581603e+03
7.380300045013427734e+00 3.459441962149867322e+03
7.394900083541870117e+00 3.431369158079178305e+03
7.409500122070312500e+00 3.403128459353865765e+03
7.424099922180175781e+00 3.376033961649227422e+03
7.438699960708618164e+00 3.348870441652707086e+03
7.453299999237060547e+00 3.322229404716381396e+03
7.467900037765502930e+00 3.295353130886269355e+03
7.482500076293945312e+00 3.267817207461121143e+03
7.497099876403808594e+00 3.239645143253255810e+03
7.511699914932251865e+00 3.213355522234451200e+03
7.526299953460693359e+00 3.188267970017477637e+03
7.540899991989135742e+00 3.162265624268911779e+03
7.555500030517578125e+00 3.134422115090274019e+03
7.570100069046020508e+00 3.107633574973078794e+03
7.584700107574462891e+00 3.082981693194142281e+03
7.599299907684326172e+00 3.058570413395500509e+03
7.613899946212768555e+00 3.031440908898730413e+03
7.628499984741210938e+00 3.004727575284960039e+03
7.643100023269653320e+00 2.978582182777245180e+03
7.657700061798095703e+00 2.952640804551265319e+03
7.672299861907958984e+00 2.927310366817437171e+03
7.686899900436401367e+00 2.902512483672126109e+03
7.701499938964843750e+00 2.877859392992831999e+03
7.716099977493286133e+00 2.853184389994112280e+03
7.730700016021728516e+00 2.828225735697742493e+03
7.745300054550170898e+00 2.802682197125250241e+03
7.759900093078613281e+00 2.777229253638324735e+03
7.774499893188476562e+00 2.750529753211594652e+03
7.789099931716918945e+00 2.723813122827323241e+03
7.803699970245361328e+00 2.698064759624685394e+03
7.818300008773803711e+00 2.672933678809386038e+03
7.832900047302246094e+00 2.648834928322685300e+03
7.847500085830688477e+00 2.625541600309588830e+03
7.862100124359130859e+00 2.600525964589905925e+03
7.876699924468994141e+00 2.574709705436362128e+03
7.891299962997436523e+00 2.549242167708598572e+03
7.905900001525878906e+00 2.524032648170759785e+03
7.920500040054321289e+00 2.498476650316661107e+03
7.935100078582763672e+00 2.472679659092591464e+03
7.949699878692626953e+00 2.447044511859530758e+03
7.964299917221069336e+00 2.422830687078203482e+03
7.978899955749511719e+00 2.398800601577022462e+03
7.993499994277954102e+00 2.373242592454971600e+03
8.008100032806396484e+00 2.347754791844636202e+03
8.022699832916259766e+00 2.323161037406862306e+03
8.037299633026123047e+00 2.299627683669314138e+03
8.051899909973144531e+00 2.275360739895404549e+03
8.066500186920166016e+00 2.251064495362697926e+03
8.081099987030029297e+00 2.227059410188303445e+03
8.095699787139892578e+00 2.203558028702445881e+03
8.110300064086914062e+00 2.179526752161109471e+03
8.124900341033935547e+00 2.154825827403783478e+03
8.139500141143798828e+00 2.130212458746427728e+03
8.154099941253662109e+00 2.106806208530542790e+03
8.168699741363525391e+00 2.083277095516677946e+03
8.183300018310546875e+00 2.059370100334945164e+03
8.197900295257568359e+00 2.034860865467180702e+03
8.212500095367431641e+00 2.011546117500984110e+03
8.227099895477294922e+00 1.988619527458013181e+03
8.241699695587158203e+00 1.965852968351100571e+03
8.256299972534179688e+00 1.942750262014669715e+03
8.270900249481201172e+00 1.920017073314284062e+03
8.285500049591064453e+00 1.898233999145304551e+03
8.300099849700927734e+00 1.876610580393389682e+03
8.314699649810791016e+00 1.853822285283968085e+03
8.329299926757812500e+00 1.830254205822257063e+03
8.343900203704833984e+00 1.807942561003983428e+03
8.358500003814697266e+00 1.785828240076625661e+03
8.373099803924560547e+00 1.764406548636543448e+03
8.387700080871582031e+00 1.743351198945219949e+03
8.402300357818603516e+00 1.722264075840485020e+03
8.416900157928466797e+00 1.700546347137787961e+03
8.431499958038330078e+00 1.678767530540881125e+03
8.446099758148193359e+00 1.656917714888095361e+03
8.460700035095214844e+00 1.635747836189693771e+03
8.475300312042236328e+00 1.615360007292565570e+03
8.489900112152099609e+00 1.595263226863607997e+03
8.504499912261962891e+00 1.575238457007799298e+03
8.519099712371826172e+00 1.555783063759008655e+03
8.533699989318847656e+00 1.537103579062204517e+03
8.548300266265869141e+00 1.518541940049544792e+03
8.562900066375732422e+00 1.500258615521943284e+03
8.577499866485595703e+00 1.481708173525930761e+03
8.592099666595458984e+00 1.462812544457392505e+03
8.606699943542480469e+00 1.443457669495273876e+03
8.621300220489501953e+00 1.424551119413308697e+03
8.635900020599365234e+00 1.406288575213920922e+03
8.650499820709228516e+00 1.388397026522625310e+03
8.665100097656250000e+00 1.371057799730124316e+03
8.679700374603271484e+00 1.353733276971524901e+03
8.694300174713134766e+00 1.336548017695804447e+03
8.708899974822998047e+00 1.319177913137536962e+03
8.723499774932861328e+00 1.302335275704535889e+03
8.738100051879882812e+00 1.285693154244427205e+03
8.752700328826904297e+00 1.269237105975662416e+03
8.767300128936767578e+00 1.252798144196276553e+03
8.781899929046630859e+00 1.236917554876981740e+03
8.796499729156494141e+00 1.222447637337609194e+03
8.811100006103515625e+00 1.207517452172623962e+03
8.825700283050537109e+00 1.191409904004103737e+03
8.840300083160400391e+00 1.175322147901169956e+03
8.854899883270263672e+00 1.161940168299224752e+03
8.869499683380126953e+00 1.148495506049584947e+03
8.884099960327148438e+00 1.134234280505097558e+03
8.898700237274169922e+00 1.119914294446289205e+03
8.913300037384033203e+00 1.106110271365423614e+03
8.927899837493896484e+00 1.092561200994168757e+03
8.942499637603759766e+00 1.078871071268849846e+03
8.957099914550781250e+00 1.064744521596594495e+03
8.971700191497802734e+00 1.050900047016511962e+03
8.986299991607666016e+00 1.037794353840126860e+03
9.000899791717529297e+00 1.024621658257274248e+03
9.015500068664550781e+00 1.011562218855033279e+03
9.030100345611572266e+00 9.986544290768506471e+02
9.044700145721435547e+00 9.855829172010999173e+02
9.059299945831298828e+00 9.725717405444811448e+02
9.073899745941162109e+00 9.601976578153426090e+02
9.088500022888183594e+00 9.481238012654102931e+02
9.103100299835205078e+00 9.356080037832725793e+02
9.117700099945068359e+00 9.227481625089239969e+02
9.132299900054931641e+00 9.104814430770602485e+02
9.146899700164794922e+00 8.990687564505606133e+02
9.161499977111816406e+00 8.878287110292149009e+02
9.176100254058837891e+00 8.762666807115238043e+02
9.190700054168701172e+00 8.647122518823380233e+02
9.205299854278564453e+00 8.530893705710695940e+02
9.219899654388427734e+00 8.416652471964880533e+02
9.234499931335449219e+00 8.307947956154748681e+02
9.249100208282470703e+00 8.200978711215611838e+02
9.263700008392333984e+00 8.092134441653797694e+02
9.278299808502197266e+00 7.982346441792742553e+02
9.292900085449218750e+00 7.881201978989338386e+02
9.307500362396240234e+00 7.789325356327481131e+02
9.322100162506103516e+00 7.688919927375081897e+02
9.336699962615966797e+00 7.570937597165539046e+02
9.351299762725830078e+00 7.455409734120621579e+02
9.365900039672851562e+00 7.356593632721342146e+02
9.380500316619873047e+00 7.258974823116659536e+02
9.395100116729736328e+00 7.161567995353834704e+02
9.409699916839599609e+00 7.064188113986347162e+02
9.424299716949462891e+00 6.972825445927810506e+02
9.438899993896484375e+00 6.882624148090599192e+02
9.453500270843505859e+00 6.790913228314821026e+02
9.468100070953369141e+00 6.698666796637553489e+02
9.482699871063232422e+00 6.606885668986706150e+02
9.497299671173095703e+00 6.516763693468874408e+02
9.511899948120117188e+00 6.427176360375597142e+02
9.526500225067138672e+00 6.342958181221547420e+02
9.541100025177001953e+00 6.258715484932508843e+02
9.555699825286865234e+00 6.173148746256629238e+02
9.570299625396728516e+00 6.088151486778770050e+02
9.584899902343750000e+00 6.002051026456456384e+02
9.599500179290771484e+00 5.915712487166047140e+02
9.614099979400634766e+00 5.836851206908022505e+02
9.628699779510498047e+00 5.760351185699619236e+02
9.643300056457519531e+00 5.684042308530479204e+02
9.657900333404541016e+00 5.609225983789656311e+02
9.672500133514404297e+00 5.533918312949026586e+02
9.687099933624267578e+00 5.458220329870755450e+02
9.701699733734130859e+00 5.383643547475003288e+02
9.716300010681152344e+00 5.316871867080408265e+02
9.730900287628173828e+00 5.250071624232077738e+02
9.745500087738037109e+00 5.181484360718968674e+02
9.760099887847900391e+00 5.114479381063574692e+02
9.774699687957763672e+00 5.048280443361363723e+02
9.789299964904785156e+00 4.982811882655369118e+02
9.803900241851806641e+00 4.919643036316756479e+02
9.818500041961669922e+00 4.858224332906502241e+02
9.833099842071533203e+00 4.795566787606730941e+02
9.847699642181396484e+00 4.731235146579138018e+02
9.862299919128417969e+00 4.669189792593897437e+02
9.876900196075439453e+00 4.613020415945356945e+02
9.891499996185302734e+00 4.557354523626599985e+02
9.906099796295166016e+00 4.501538550130135263e+02
9.920700073242187500e+00 4.446787082713399286e+02
9.935300350189208984e+00 4.396464989213200170e+02
9.949900150299072266e+00 4.347171563836127461e+02
9.964499950408935547e+00 4.295928997592568521e+02
9.979099750518798828e+00 4.243604606131157198e+02
9.993700027465820312e+00 4.194386238467018302e+02
1.000830030441284180e+01 4.147452488979297414e+02
1.002290010452270508e+01 4.101582831452788014e+02
1.003749990463256836e+01 4.058000246800474997e+02
1.005209970474243164e+01 4.014855328449584704e+02
1.006669998168945312e+01 3.973886094712497652e+02
1.008130025863647461e+01 3.933122648902553919e+02
1.009590005874633789e+01 3.893013562333180744e+02
1.011049985885620117e+01 3.853890438037410604e+02
1.012509965896606445e+01 3.815654635388909810e+02
1.013969993591308594e+01 3.777023213118013700e+02
1.015430021286010742e+01 3.741442713504739004e+02
1.016890001296997070e+01 3.706386343694134666e+02
1.018349981307983398e+01 3.671538256782014287e+02
1.019810009002685547e+01 3.636765903593186522e+02
1.021270036697387695e+01 3.603015492927852392e+02
1.022730016708374023e+01 3.571314598190156175e+02
1.024189996719360352e+01 3.540024014228038141e+02
1.025649976730346680e+01 3.509672838731603406e+02
1.027110004425048828e+01 3.479465274949689046e+02
1.028570032119750977e+01 3.447594692133293393e+02
1.030030012130737305e+01 3.415208662872259993e+02
1.031489992141723633e+01 3.384530875294444741e+02
1.032949972152709961e+01 3.355176737954934651e+02
1.034409999847412109e+01 3.325297938445714863e+02
1.035870027542114258e+01 3.295429440157704448e+02
1.037330007553100586e+01 3.266115944654757186e+02
1.038789987564086914e+01 3.236941271040905121e+02
1.040249967575073242e+01 3.208918947692041002e+02
1.041709995269775391e+01 3.181997549859261198e+02
1.043170022964477539e+01 3.154911271181504162e+02
1.044630002975463867e+01 3.127954847570890706e+02
1.046089982986450195e+01 3.100843252170193409e+02
1.047549962997436523e+01 3.074929480035848428e+02
1.049009990692138672e+01 3.049329597914152146e+02
1.050470018386840820e+01 3.023798088349849422e+02
1.051929998397827148e+01 2.999003186459958670e+02
1.053389978408813477e+01 2.974512124524153478e+02
1.054850006103515625e+01 2.950984528609978952e+02
1.056310033798217773e+01 2.927564675417215767e+02
1.057770013809204102e+01 2.904383609632077423e+02
1.059229993820190430e+01 2.881357548716323436e+02
1.060689973831176758e+01 2.858813692057537992e+02
1.062150001525878906e+01 2.836509048165680724e+02
1.063610029220581055e+01 2.813207008145468535e+02
1.065070009231567383e+01 2.790643343644205743e+02
1.066529989242553711e+01 2.770089256372898490e+02
1.067989969253540039e+01 2.750331684893581041e+02
1.069449996948242188e+01 2.730172908741224092e+02
1.070910024642944336e+01 2.709429333989987754e+02
1.072370004653930664e+01 2.688655986915478024e+02
1.073829984664916992e+01 2.667748180982698614e+02
1.075289964675903320e+01 2.646889597798463001e+02
1.076749992370605469e+01 2.626813100988556471e+02
1.078210020065307617e+01 2.606730830905235052e+02
1.079670000076293945e+01 2.587460812392805565e+02
1.081129980087280273e+01 2.568532103168763570e+02
1.082590007781982422e+01 2.548982886310113827e+02
1.084050035476684570e+01 2.529550843348715716e+02
1.085510015487670898e+01 2.510258631957640318e+02
1.086969995498657227e+01 2.490828239388065413e+02
1.088429975509643555e+01 2.472022481768476609e+02
1.089890003204345703e+01 2.453465998002002380e+02
1.091350030899047852e+01 2.434789385617364132e+02
1.092810010910034180e+01 2.415642712264798320e+02
1.094269990921020508e+01 2.396908602662506382e+02
1.095729970932006836e+01 2.378641711089812816e+02
1.097189998626708984e+01 2.360840898376181940e+02
1.098650026321411133e+01 2.343826152554129294e+02
1.100110006332397461e+01 2.326408213306763173e+02
1.101569986343383789e+01 2.307299701556075888e+02
1.103029966354370117e+01 2.287565665383795022e+02
1.104489994049072266e+01 2.269844305402557438e+02
1.105950021743774414e+01 2.253414132496800448e+02
1.107410001754760742e+01 2.236243654650138524e+02
1.108869981765747070e+01 2.218307559168408716e+02
1.110330009460449219e+01 2.199879926934045216e+02
1.111790037155151367e+01 2.179482709038893518e+02
1.113250017166137695e+01 2.159829545618663360e+02
1.114709997177124023e+01 2.141074416250887680e+02
1.116169977188110352e+01 2.122303541014503026e+02
1.117630004882812500e+01 2.105843069799107070e+02
1.119090032577514648e+01 2.089858666280974830e+02
1.120550012588500977e+01 2.074352260713396845e+02
1.122009992599487305e+01 2.059136205190270630e+02
1.123469972610473633e+01 2.042309436788514176e+02
1.124930000305175781e+01 2.024237923073712864e+02
1.126390027999877930e+01 2.006520268871270218e+02
1.127850008010864258e+01 1.989178810667624475e+02
1.129309988021850586e+01 1.972493264439378891e+02
1.130769968032836914e+01 1.957742998222045117e+02
1.132229995727539062e+01 1.943056083945293722e+02
1.133690023422241211e+01 1.926331443797835163e+02
1.135150003433227539e+01 1.909856326463454934e+02
1.136609983444213867e+01 1.893490333614522569e+02
1.138069963455200195e+01 1.878026526696885412e+02
1.139529991149902344e+01 1.863202670051578025e+02
1.140990018844604492e+01 1.848902487431303143e+02
1.142449998855590820e+01 1.833449534416331517e+02
1.143909978866577148e+01 1.816500319407055031e+02
1.145370006561279297e+01 1.800637643547986499e+02
1.146830034255981445e+01 1.787269674991875945e+02
1.148290014266967773e+01 1.773614778528553870e+02
1.149749994277954102e+01 1.757573339475015928e+02
1.151209974288940430e+01 1.741612566974026777e+02
1.152670001983642578e+01 1.726375242014910327e+02
1.154130029678344727e+01 1.711294178960542922e+02
1.155590009689331055e+01 1.696281348017691926e+02
1.157049989700317383e+01 1.681436027510585518e+02
1.158509969711303711e+01 1.666435940151700379e+02
1.159969997406005859e+01 1.651224748258073305e+02
1.161430025100708008e+01 1.636385515979554839e+02
1.162890005111694336e+01 1.621711183112495291e+02
1.164349985122680664e+01 1.607034121455797049e+02
1.165809965133666992e+01 1.591591573372852508e+02
1.167269992828369141e+01 1.576329542203325218e+02
1.168730020523071289e+01 1.561317535220041464e+02
1.170190000534057617e+01 1.546390664771024603e+02
1.171649980545043945e+01 1.531093600021904422e+02
1.173110008239746094e+01 1.515789548093948724e+02
1.174570035934448242e+01 1.501053104874472410e+02
1.176030015945434570e+01 1.486529463853969446e+02
1.177489995956421076e+01 1.471838718131834867e+02
1.178949975967407227e+01 1.456537134593816063e+02
1.180410003662109375e+01 1.441514463358828380e+02
1.181870031356811523e+01 1.425985954398356625e+02
1.183330011367797852e+01 1.410616423669353026e+02
1.184789991378784180e+01 1.395871986531460607e+02
1.186249971389770508e+01 1.381301796399725390e+02
1.187709999084472656e+01 1.365689171876738328e+02
1.189170026779174805e+01 1.350170916083470729e+02
1.190630006790161133e+01 1.334503248727969549e+02
1.192089986801147461e+01 1.319070890168916321e+02
1.193549966812133789e+01 1.304050448354132641e+02
1.195009994506835938e+01 1.289427783142116368e+02
1.196470022201538086e+01 1.274199814780274664e+02
1.197930002212524414e+01 1.258200764368666569e+02
1.199389982223510742e+01 1.242145142811068581e+02
1.200850009918212891e+01 1.226504309990161801e+02
1.202310037612915217e+01 1.210921645053986140e+02
1.203770017623901367e+01 1.193721043023288075e+02
1.205229997634887695e+01 1.176646676327663954e+02
1.206689977645874023e+01 1.160182415418375967e+02
1.208150005340576172e+01 1.143938899403451614e+02
1.209610033035278320e+01 1.126891341073132935e+02
1.211070013046264648e+01 1.109495157720630232e+02
1.212529993057250977e+01 1.092342102857912778e+02
1.213989973068237305e+01 1.075358781861268653e+02
1.215450000762939453e+01 1.058136113449847926e+02
1.216910028457641602e+01 1.040711194065124801e+02
1.218370008468627930e+01 1.023273169650451564e+02
1.219829988479614258e+01 1.005907107668235767e+02
1.221289968490600586e+01 9.885531622728649381e+01
1.222749996185302734e+01 9.714337139712370117e+01
1.224210023880004883e+01 9.543714919146850661e+01
1.225670003890991211e+01 9.373099016620756174e+01
1.227129983901977539e+01 9.202598022710617442e+01
1.228589963912963867e+01 9.035196376387943928e+01
1.230049991607666016e+01 8.869277955021459547e+01
1.231510019302368342e+01 8.706350338378854303e+01
1.232969999313354670e+01 8.545730013338470599e+01
1.234429979324340820e+01 8.386164069520418707e+01
1.235890007019042969e+01 8.220284836291114061e+01
1.237350034713745295e+01 8.057021240759354441e+01
1.238810014724731445e+01 7.900627010215544033e+01
1.240269994735717773e+01 7.744899721231490730e+01
1.241729974746704102e+01 7.588284458108773833e+01
1.243190002441406250e+01 7.431945123244076967e+01
1.244650030136108398e+01 7.274213868484480372e+01
1.246110010147094727e+01 7.114677242512357225e+01
1.247569990158081055e+01 6.958600395989833487e+01
1.249029970169067383e+01 6.804151878370134909e+01
1.250489997863769531e+01 6.647674736655062588e+01
1.251950025558471680e+01 6.489188632485820563e+01
1.253410005569458008e+01 6.331751894848025586e+01
1.254869985580444336e+01 6.179606109917301637e+01
1.256329965591430664e+01 6.029401368579101472e+01
1.257789993286132812e+01 5.878833494250557123e+01
1.259250020980834961e+01 5.730969245831829539e+01
1.260710000991821289e+01 5.586500447947173598e+01
1.262169981002807617e+01 5.444320554914838795e+01
1.263630008697509766e+01 5.302333954695370721e+01
1.265090036392211914e+01 5.161501102293186705e+01
1.266550016403198242e+01 5.020276935852052702e+01
1.268009996414184570e+01 4.879071257697376041e+01
1.269469976425170898e+01 4.741774852767832726e+01
1.270930004119873047e+01 4.615315244436146713e+01
1.272390031814575195e+01 4.489874703139662415e+01
1.273850011825561523e+01 4.369890921935848382e+01
1.275309991836547852e+01 4.250560570451256126e+01
1.276769971847534180e+01 4.127168038081663326e+01
1.278229999542236328e+01 4.004476276975310611e+01
1.279690027236938477e+01 3.890464415974292933e+01
1.281150007247924805e+01 3.780415720200380747e+01
1.282609987258911133e+01 3.666269198134841645e+01
1.284069967269897461e+01 3.549961283653146893e+01
1.285529994964599609e+01 3.432594838415070626e+01
1.286990022659301758e+01 3.312348306678813969e+01
1.288450002670288086e+01 3.197499569296269328e+01
1.289909982681274414e+01 3.104440805223873667e+01
1.291369962692260742e+01 3.012415773770982241e+01
1.292829990386962891e+01 2.917808268279031836e+01
1.294290018081665039e+01 2.823531452538219355e+01
1.295749998092651367e+01 2.727535519397861208e+01
1.297209978103637695e+01 2.630969924410919702e+01
1.298670005798339844e+01 2.535825498775068354e+01
1.300130033493041992e+01 2.441126637044988001e+01
1.301590013504028320e+01 2.350985948851302965e+01
1.303049993515014648e+01 2.265614674747951085e+01
1.304509973526000977e+01 2.180195073275825735e+01
1.305970001220703125e+01 2.093830913771910218e+01
1.307430028915405273e+01 2.009265199109933064e+01
1.308890008926391602e+01 1.931059448736505146e+01
1.310349988937377930e+01 1.853332322570011570e+01
1.311809968948364258e+01 1.774052366627643096e+01
1.313269996643066406e+01 1.695172889792928572e+01
1.314730024337768555e+01 1.623243561255094392e+01
1.316190004348754883e+01 1.554083422448115925e+01
1.317649984359741211e+01 1.486794616063491503e+01
1.319109964370727539e+01 1.421067059617087125e+01
1.320569992065429688e+01 1.359627541113184179e+01
1.322030019760131836e+01 1.304257420251531130e+01
1.323489999771118164e+01 1.250457081907185852e+01
1.324949979782104492e+01 1.200557180984773709e+01
1.326410007476806641e+01 1.151354563608819603e+01
1.327870035171508789e+01 1.108674598526704358e+01
1.329330015182495117e+01 1.066242476976952958e+01
1.330789995193481445e+01 1.027538141071815403e+01
1.332249975204467773e+01 9.899029892768140826e+00
1.333710002899169922e+01 9.530912646482647688e+00
1.335170030593872070e+01 9.171023689802382250e+00
1.336630010604858398e+01 8.851185337199751757e+00
1.338089990615844727e+01 8.573045886128838333e+00
1.339549970626831055e+01 8.296332954316198993e+00
1.341009998321533203e+01 8.016075933259259045e+00
1.342470026016235352e+01 7.739515490801096576e+00
1.343930006027221680e+01 7.482228769761789522e+00
1.345389986038208008e+01 7.225809927202675453e+00
1.346849966049194336e+01 6.989490239206475053e+00
1.348309993743896484e+01 6.756172614164057677e+00
1.349770021438598633e+01 6.530774317070608959e+00
1.351230001449584961e+01 6.308204638116876595e+00
1.352689981460571289e+01 6.096288802526217410e+00
1.354150009155273438e+01 5.892037322841048308e+00
1.355610036849975586e+01 5.691891906467461126e+00
1.357070016860961914e+01 5.499469243908094995e+00
1.358529996871948242e+01 5.310160162963484254e+00
1.359989976882934570e+01 5.129690360483607492e+00
1.361450004577636719e+01 4.950415991267220761e+00
1.362910032272338867e+01 4.767670822958258725e+00
1.364370012283325195e+01 4.586750000035166863e+00
1.365829992294311523e+01 4.408717986925658749e+00
1.367289972305297852e+01 4.233048433777142350e+00
1.368750000000000000e+01 4.053317650520860127e+00
1.370210027694702148e+01 3.871541332989281159e+00
1.371670007705688477e+01 3.689587130750737742e+00
1.373129987716674805e+01 3.506870166480879902e+00
1.374589967727661133e+01 3.322612105449707087e+00
1.376049995422363281e+01 3.131957563295983960e+00
1.377510023117065430e+01 2.943067144633992882e+00
1.378970003128051758e+01 2.755248961427980703e+00
1.380429983139038086e+01 2.569656831497013627e+00
1.381889963150024414e+01 2.389221573695365919e+00
1.383349990844726562e+01 2.210169546434936905e+00
1.384810018539428711e+01 2.049786783797635792e+00
1.386269998550415039e+01 1.894798662172014758e+00
1.387729978561401367e+01 1.766059289021182366e+00
1.389190006256103516e+01 1.654494209168966279e+00
1.390650033950805664e+01 1.554830042760357856e+00
1.392110013961791992e+01 1.470806610337493936e+00
1.393569993972778320e+01 1.323628456462166980e+00
1.395029973983764648e+01 7.230863888763039427e-01
1.396490001678466797e+01 1.073708260435068951e+00
1.397950029373168945e+01 1.387425433485578452e+00
1.399410009384155273e+01 1.423134415601268188e+00
1.400869989395141602e+01 1.440477631575731721e+00
1.402329969406127930e+01 1.460098889860539373e+00
1.403789997100830078e+01 1.501991551433601302e+00
1.405250024795532227e+01 1.553108130858404934e+00
1.406710004806518555e+01 1.567773518451609505e+00
1.408169984817504883e+01 1.550856245158271918e+00
1.409629964828491211e+01 1.543052631225450000e+00
1.411089992523193359e+01 1.551751315442828627e+00
1.412550020217895508e+01 1.561936180927148143e+00
1.414010000228881836e+01 1.579702721166142965e+00
1.415469980239868164e+01 1.597253349172600423e+00
1.416930007934570312e+01 1.565957175864163275e+00
1.418390035629272461e+01 1.534315030027322280e+00
1.419850015640258789e+01 1.524257588347843750e+00
1.421309995651245117e+01 1.519337605393467072e+00
1.422769975662231445e+01 1.516692579883738290e+00
1.424230003356933594e+01 1.515433290966150537e+00
1.425690031051635742e+01 1.501396155356715667e+00
1.427150011062622070e+01 1.471658624074834165e+00
1.428609991073608398e+01 1.448914705903803224e+00
1.430069971084594727e+01 1.444696012953272657e+00
1.431529998779296875e+01 1.439203584796544533e+00
1.432990026473999023e+01 1.424086779666655644e+00
1.434450006484985352e+01 1.409324748902207602e+00
1.435909986495971680e+01 1.385937595110853238e+00
1.437369966506958008e+01 1.361882807993097799e+00
1.438829994201660156e+01 1.343695104516484662e+00
1.440290021896362305e+01 1.327658588623492619e+00
1.441750001907348633e+01 1.315179803684785043e+00
1.443209981918334961e+01 1.305655943584227430e+00
1.444670009613037109e+01 1.290999879888232726e+00
1.446130037307739258e+01 1.268259886555433980e+00
1.447590017318725586e+01 1.245929456317185213e+00
1.449049997329711914e+01 1.225379821945260517e+00
1.450509977340698242e+01 1.205096414214068545e+00
1.451970005035400391e+01 1.190870942457955550e+00
1.453430032730102539e+01 1.176937312141745906e+00
1.454890012741088867e+01 1.164157335997728637e+00
1.456349992752075195e+01 1.151629931450681710e+00
1.457809972763061523e+01 1.132357331101729869e+00
1.459270000457763672e+01 1.109330948279030338e+00
1.460730028152465820e+01 1.087381102538031996e+00
1.462190008163452148e+01 1.066267178750912592e+00
1.463649988174438477e+01 1.048234751888088567e+00
1.465109968185424805e+01 1.037120380675826681e+00
1.466569995880126953e+01 1.025708689650350891e+00
1.468030023574829102e+01 1.010265350576133869e+00
1.469490003585815430e+01 9.949150641008763785e-01
1.470949983596801758e+01 9.782099757105200410e-01
1.472409963607788086e+01 9.616052871475044839e-01
1.473869991302490234e+01 9.438177550114001946e-01
1.475330018997192383e+01 9.258471761919295773e-01
1.476789999008178711e+01 9.097606909480582260e-01
1.478249979019165039e+01 8.952047145571739861e-01
1.479710006713867188e+01 8.819193640874356532e-01
1.481170034408569336e+01 8.702560648610191407e-01
1.482630014419555664e+01 8.579557654486702489e-01
1.484089994430542170e+01 8.423254716227734917e-01
1.485549974441528320e+01 8.269832817153766058e-01
1.487010002136230469e+01 8.124987829427610109e-01
1.488470029830932617e+01 7.981071534879369267e-01
1.489930009841918945e+01 7.821813931219168126e-01
1.491389989852905273e+01 7.661692301041966857e-01
1.492849969863891602e+01 7.501903486195615756e-01
1.494309997558593750e+01 7.343909362134137808e-01
