5.476074218750000000e-01 1.423628648579237051e+03
6.428222656250000000e-01 1.403862733230635058e+03
7.380371093750000000e-01 1.240468362285755575e+03
8.332519531250000000e-01 1.071625930714944843e+03
9.284667968750000000e-01 8.987820092209149152e+02
1.023681640625000000e+00 7.565294140643090941e+02
1.118896484375000000e+00 6.443656420850311406e+02
1.214111328125000000e+00 5.554194330446189269e+02
1.309326171875000000e+00 4.827266926381271333e+02
1.404541015625000000e+00 4.251343215965316631e+02
1.523559570312500000e+00 5.495371473889972549e+02
1.666381835937500000e+00 4.642652960956183961e+02
1.809204101562500000e+00 3.945955841831309954e+02
1.952026367187500000e+00 3.314211413956436445e+02
2.094848632812500000e+00 2.136822999732539756e+02
2.237670898437500000e+00 1.402729522013032692e+02
2.380493164062500000e+00 1.451403614839946385e+02
2.523315429687500000e+00 1.366870548544029589e+02
2.666137695312500000e+00 1.204134420598566066e+02
2.808959960937500000e+00 1.123757178926389315e+02
2.975585937500000000e+00 1.365446802056103479e+02
3.166015625000000000e+00 1.218293497176491655e+02
3.356445312500000000e+00 1.091401234890508931e+02
3.546875000000000000e+00 9.944957519783929456e+01
3.737304687500000000e+00 9.076197875694197137e+01
3.927734375000000000e+00 8.282747628733341116e+01
4.118164062500000000e+00 7.566668848337940290e+01
4.308593750000000000e+00 6.918530896067568392e+01
4.499023437500000000e+00 6.317601982411724748e+01
4.689453125000000000e+00 5.778120952645986108e+01
4.879882812500000000e+00 5.277247082868416328e+01
5.070312500000000000e+00 4.826626784433756256e+01
5.260742187500000000e+00 4.423642194963395013e+01
5.451171875000000000e+00 4.050205749924316478e+01
5.641601562500000000e+00 3.717461852060478122e+01
5.832031250000000000e+00 3.408089729061339312e+01
6.022460937500000000e+00 3.126117789470299613e+01
6.212890625000000000e+00 2.869165086383964081e+01
6.403320312500000000e+00 2.625956288492034219e+01
6.593750000000000000e+00 2.404697127543477109e+01
6.784179687500000000e+00 2.211847217795821052e+01
6.974609375000000000e+00 2.019905669412310090e+01
7.165039062500000000e+00 1.862563584684721718e+01
7.355468750000000000e+00 1.697140458495277926e+01
7.545898437500000000e+00 1.580249528236527112e+01
7.736328125000000000e+00 1.455271691847519833e+01
7.926757812500000000e+00 1.352379775765939485e+01
8.117187500000000000e+00 1.249678666500585678e+01
8.307617187500000000e+00 1.164541922545504349e+01
8.498046875000000000e+00 1.093100494075724782e+01
8.688476562500000000e+00 1.046993289743704736e+01
8.878906250000000000e+00 9.791793547308770940e+00
9.069335937500000000e+00 9.294772709410608513e+00
9.259765625000000000e+00 8.677660300299066876e+00
9.450195312500000000e+00 8.144785224029419624e+00
9.640625000000000000e+00 7.663387865564345702e+00
9.831054687500000000e+00 7.076438809721821599e+00
1.002148437500000000e+01 6.783094702242124185e+00
1.021191406250000000e+01 5.737262976289684957e+00
1.040234375000000000e+01 5.138934262408952236e+00
1.059277343750000000e+01 4.395320053153227491e+00
1.078320312500000000e+01 3.564920780520196786e+00
1.097363281250000000e+01 2.955822102629667825e+00
1.116406250000000000e+01 2.577952923129544160e+00
1.135449218750000000e+01 2.181936407017133206e+00
1.154492187500000000e+01 1.555112982193804783e+00
1.173535156250000000e+01 1.280561065852680258e+00
1.192578125000000000e+01 1.153891004522677122e+00
1.211621093750000000e+01 1.010582059905203778e+00
1.230664062500000000e+01 9.424924674201804464e-01
1.249707031250000000e+01 8.786344038094853204e-01
1.268750000000000000e+01 8.139071889916067448e-01
1.287792968750000000e+01 7.523212793101663465e-01
1.306835937500000000e+01 6.818293947418396783e-01
1.325878906250000000e+01 5.745297317814674898e-01
1.344921875000000000e+01 5.051927179348183472e-01
1.363964843750000000e+01 4.693316649577923272e-01
1.383007812500000000e+01 3.985217042288127232e-01
1.402050781250000000e+01 3.666781329467312389e-01
1.421093750000000000e+01 3.448395168494613472e-01
1.440136718750000000e+01 3.154479331828099475e-01
1.459179687500000000e+01 2.957266365048667467e-01
1.478222656250000000e+01 2.767632122508700832e-01
1.497265625000000000e+01 2.579255901295169906e-01
1.516308593750000000e+01 2.401144885521233618e-01
1.535351562500000000e+01 2.234592644684312290e-01
1.554394531250000000e+01 2.078517372989949763e-01
1.573437500000000000e+01 1.937395688835081842e-01
1.592480468750000000e+01 1.807367812762592507e-01
1.611523437500000000e+01 1.687607849683558925e-01
1.630566406250000000e+01 1.569638314011427838e-01
1.649609375000000000e+01 1.460265791858184059e-01
1.668652343750000000e+01 1.352450846504851256e-01
1.687695312500000000e+01 1.246805980231897593e-01
1.706738281250000000e+01 1.157382839865164215e-01
1.725781250000000000e+01 1.071961868234652115e-01
1.744824218750000000e+01 9.904411613112529267e-02
1.763867187500000000e+01 9.309075982202585919e-02
1.782910156250000000e+01 8.805575741089910480e-02
1.801953125000000000e+01 8.162501318072301615e-02
1.820996093750000000e+01 7.484382676853229555e-02
1.840039062500000000e+01 6.916293887859659151e-02
1.859082031250000000e+01 6.433106216437245450e-02
1.878125000000000000e+01 5.995269638942168910e-02
1.897167968750000000e+01 5.639198976184900403e-02
1.916210937500000000e+01 5.193003161631359887e-02
1.935253906250000000e+01 4.779346852040333715e-02
1.954296875000000000e+01 4.484219902392183599e-02
1.973339843750000000e+01 4.352210917542187474e-02
1.991430664062500000e+01 3.019608169655185748e-02
